100 7425
38 79 43
81 60 16
15 38 65
51 44 5
26 32 57
5 81 11
70 23 61
36 81 93
9 35 22
70 5 62
90 8 52
66 79 88
13 84 33
81 28 60
12 62 89
9 97 19
95 54 23
91 7 63
75 18 32
70 85 69
42 24 14
44 70 19
44 3 42
69 0 16
81 94 78
35 15 19
78 67 7
34 63 35
88 24 92
32 96 55
74 9 87
52 66 50
69 96 68
79 51 97
92 66 6
31 73 67
63 61 34
68 25 22
98 82 98
86 51 11
64 31 56
93 11 82
87 96 49
68 55 49
16 26 41
62 43 86
26 53 42
77 79 6
86 3 30
83 10 62
87 28 88
70 4 27
65 27 72
87 79 5
91 58 3
23 97 55
79 49 82
83 12 17
6 24 97
63 97 44
6 87 12
56 42 31
63 71 16
20 92 83
24 97 1
95 0 4
52 96 26
98 69 34
9 11 64
59 65 69
52 43 57
55 49 77
40 12 58
68 52 6
13 86 12
6 0 10
54 87 41
66 12 43
43 83 36
42 8 26
67 69 36
47 59 90
99 60 66
86 46 34
51 94 25
24 43 31
61 53 55
75 79 9
32 70 10
51 7 94
60 22 91
77 96 89
26 42 34
79 19 39
40 72 57
48 43 54
34 2 10
75 23 63
29 94 15
22 21 41
69 68 86
67 91 75
89 95 25
78 85 83
46 38 12
40 20 83
91 23 83
57 58 20
68 0 67
60 24 60
99 33 79
73 34 55
7 65 49
80 53 93
67 18 90
4 72 8
72 2 79
38 54 47
43 5 5
1 90 66
16 88 49
87 47 1
92 30 82
2 84 68
90 40 43
64 60 76
39 98 39
14 91 63
35 20 75
18 83 91
33 60 8
90 73 53
24 64 22
48 6 29
26 63 61
54 95 36
10 51 94
95 39 82
46 55 65
32 37 55
87 49 70
68 9 79
17 82 53
92 3 17
22 90 99
40 33 18
8 4 47
2 8 29
36 53 12
25 72 88
10 55 50
33 1 13
50 19 10
86 11 7
17 2 48
17 52 53
3 7 51
15 65 19
68 72 15
9 99 67
3 71 55
27 61 55
77 26 99
89 21 99
59 33 26
68 33 94
69 2 92
41 51 67
99 77 45
0 8 95
24 31 26
30 61 59
91 48 14
49 52 55
61 99 62
52 41 71
24 84 5
39 31 67
73 36 10
0 69 59
74 91 95
8 32 50
16 37 9
64 96 50
50 38 95
58 95 15
4 87 46
64 68 80
39 63 91
61 63 52
57 83 48
98 28 61
58 96 71
64 57 86
54 89 55
73 65 36
60 59 11
52 37 69
69 72 41
6 85 59
84 91 1
35 9 33
68 98 26
50 18 39
5 23 91
40 67 92
15 18 75
99 8 30
90 30 92
99 59 92
10 89 43
6 4 65
90 84 67
28 61 44
84 7 64
22 54 95
20 49 31
88 42 7
40 44 44
68 19 17
71 4 68
88 26 33
37 95 95
38 92 96
37 87 90
26 64 9
71 10 15
94 11 75
87 71 66
59 81 6
78 27 28
79 87 47
34 39 23
26 58 59
46 44 25
58 70 11
34 97 56
63 72 33
15 97 55
63 27 24
86 87 21
86 37 84
73 27 2
2 5 6
74 1 30
1 9 94
82 94 56
81 11 3
62 55 86
7 24 87
33 35 98
34 86 65
66 49 89
44 52 21
68 48 67
34 30 68
0 48 67
55 47 92
95 80 99
50 54 95
80 83 79
54 37 73
72 70 59
7 10 4
43 42 18
35 40 1
0 35 63
35 57 61
76 55 23
5 63 5
22 5 8
15 16 15
23 49 96
46 6 73
51 42 3
50 17 78
84 15 56
20 90 93
83 20 60
45 31 49
83 95 31
77 21 97
57 36 79
47 5 46
92 37 5
13 80 38
9 85 16
57 42 84
86 80 55
48 5 39
3 88 14
40 79 64
3 75 23
29 93 36
82 12 19
2 31 12
37 5 15
24 5 91
5 49 62
67 31 82
89 63 24
28 85 47
57 19 24
71 41 36
78 35 24
36 19 77
46 98 41
67 25 11
6 43 41
95 93 51
11 82 60
19 23 91
7 93 37
9 60 89
15 4 40
8 54 22
20 30 86
9 10 50
3 45 22
98 22 66
19 26 3
3 61 16
94 30 83
5 94 52
47 77 48
46 64 53
9 64 15
5 12 66
51 74 7
57 11 22
18 97 34
84 20 18
10 73 85
20 70 75
20 99 79
41 87 38
69 45 73
82 26 67
57 98 56
78 3 34
42 81 15
85 4 28
0 41 50
22 29 18
71 60 94
31 16 32
17 8 99
38 43 24
63 92 65
16 82 45
2 25 57
42 20 4
91 57 84
49 29 98
69 37 29
29 22 94
33 43 95
83 96 63
74 54 91
58 77 50
24 93 19
53 8 91
20 80 48
81 54 50
21 30 96
35 54 44
99 54 60
98 40 36
62 83 50
52 53 52
13 71 42
57 52 54
88 48 62
55 5 52
31 50 73
87 11 53
38 63 31
1 94 46
74 3 15
18 59 21
45 19 12
40 49 68
11 70 40
69 90 88
89 38 40
98 16 35
48 96 50
47 15 35
66 19 3
83 52 52
24 62 90
7 14 36
45 87 8
14 3 47
23 35 14
60 88 44
58 23 71
38 25 3
16 14 8
59 64 25
12 15 37
31 45 49
27 43 60
95 10 51
2 88 62
15 17 86
9 80 85
5 88 11
61 44 99
18 33 50
18 44 5
63 47 55
79 2 5
42 66 18
97 61 98
88 41 25
43 18 37
86 10 53
77 0 59
23 67 1
24 37 9
96 71 84
35 81 6
10 27 92
83 11 88
0 9 14
56 22 67
1 89 33
88 8 32
54 70 30
82 61 50
27 55 88
86 25 52
7 1 96
36 82 15
86 13 26
62 12 55
33 74 44
24 2 5
59 0 83
40 74 22
3 62 43
79 55 88
52 49 73
56 0 88
11 8 41
22 18 24
11 95 20
16 0 82
19 14 58
54 64 33
52 77 74
22 81 40
7 25 87
6 49 48
67 36 85
94 13 58
79 61 19
82 19 84
2 42 63
70 93 74
39 76 40
86 47 1
89 29 6
37 41 12
77 75 60
85 44 10
30 31 15
40 22 55
88 67 69
71 40 68
92 10 92
89 57 39
84 60 48
65 91 57
33 96 2
23 20 11
29 64 42
89 79 90
33 61 11
75 24 35
18 55 99
0 50 96
38 16 19
27 65 25
35 19 33
93 19 80
13 45 91
69 85 71
44 30 29
39 99 33
99 24 48
60 73 25
15 67 50
81 62 32
94 9 1
37 61 94
98 27 95
75 72 84
6 42 42
25 95 87
21 54 2
47 13 4
82 66 68
32 93 74
87 89 51
57 92 40
74 47 56
11 84 2
76 44 55
48 17 52
37 29 73
10 12 73
23 96 13
33 46 70
7 55 46
64 88 19
97 80 45
91 61 67
96 37 76
12 96 84
52 86 41
33 76 10
39 35 78
64 81 78
77 52 48
35 88 33
7 49 26
30 40 77
62 70 53
67 86 97
24 79 93
73 37 25
47 40 70
13 63 34
66 95 18
77 22 33
84 69 59
60 45 43
78 31 10
84 89 57
14 80 9
44 95 23
43 4 36
28 69 28
3 8 55
61 19 46
85 69 90
14 42 22
7 83 6
0 75 65
85 89 55
11 19 54
19 22 99
6 74 23
32 27 20
12 85 98
28 51 8
39 22 12
96 58 37
49 24 19
81 57 99
3 64 65
47 22 79
86 95 74
50 13 5
86 5 50
93 20 30
60 81 81
29 41 17
21 72 88
61 84 45
15 60 24
65 6 63
48 61 32
38 61 27
84 44 74
7 34 36
81 40 30
25 5 15
13 9 54
18 67 14
89 72 60
72 17 20
78 99 34
22 2 90
48 44 67
46 58 3
66 22 29
18 61 12
33 98 79
99 22 84
36 70 85
92 5 44
90 80 95
94 22 30
0 91 5
39 29 65
96 62 75
40 35 38
66 50 94
87 84 39
17 83 48
7 27 49
74 34 72
82 98 60
53 20 32
51 36 55
72 45 86
40 80 67
90 47 97
50 35 52
21 52 72
63 30 90
16 12 33
54 47 51
57 53 58
87 62 63
83 14 60
73 29 59
15 30 55
39 15 92
57 34 39
82 18 82
69 74 16
84 1 9
4 49 93
90 37 72
32 28 70
36 57 1
57 0 96
0 14 97
1 33 6
83 76 28
99 9 83
70 7 40
52 51 28
56 62 72
4 36 39
30 54 87
61 82 77
81 41 20
19 98 68
55 20 44
52 54 58
99 18 42
31 8 52
15 39 5
35 13 7
88 13 79
55 38 13
5 86 37
91 94 16
59 42 97
5 61 71
97 25 37
48 55 55
87 42 23
22 11 40
53 30 65
56 13 9
62 13 44
96 68 78
11 98 10
13 50 57
47 87 84
76 72 66
67 89 41
29 52 64
32 8 75
75 87 30
19 52 41
6 61 14
6 81 5
8 11 35
70 34 51
54 73 92
89 75 15
42 64 70
80 2 1
72 50 6
53 64 9
56 28 77
24 41 71
17 32 85
35 67 87
24 4 85
51 21 31
21 24 90
87 81 89
20 17 30
16 83 65
15 44 94
65 50 84
83 50 86
42 79 89
39 92 23
45 35 11
0 65 8
76 45 15
63 67 45
34 29 75
89 25 19
27 17 99
13 74 61
77 51 51
38 33 86
78 58 83
1 75 87
34 36 97
48 87 43
73 61 20
91 75 42
54 97 63
31 62 65
53 12 61
12 40 36
82 42 38
86 26 81
11 49 32
9 50 54
10 58 13
12 32 65
78 90 33
14 19 46
46 76 62
77 11 89
40 51 69
26 82 80
96 38 22
61 1 29
47 12 43
32 25 60
22 79 43
24 8 74
12 76 43
1 34 64
38 19 55
97 63 12
16 32 95
38 83 92
55 77 25
21 95 54
28 78 14
34 55 55
96 85 58
74 38 1
86 66 30
25 82 29
42 2 26
84 6 6
38 97 92
49 71 1
64 39 56
47 37 41
61 67 93
34 65 92
94 86 44
70 91 23
22 44 23
19 51 25
76 54 20
24 72 48
38 81 72
96 67 21
17 79 55
13 65 94
33 68 88
23 86 92
79 97 21
18 46 81
50 45 4
87 23 63
34 80 24
75 64 1
56 8 85
79 95 10
21 32 37
71 74 1
51 76 74
52 11 89
85 2 88
86 35 52
7 74 48
91 22 71
78 7 19
92 45 97
69 67 67
53 32 17
39 24 6
49 16 35
66 81 65
29 56 7
8 41 45
4 78 25
32 64 66
77 39 95
74 26 51
27 5 39
19 35 56
25 61 72
16 95 97
25 27 81
38 50 27
83 9 27
68 46 15
31 26 74
45 26 57
15 29 70
90 45 47
47 23 56
35 44 97
86 92 72
2 92 74
77 8 29
73 17 76
10 94 91
95 12 29
49 2 78
13 72 28
28 37 67
89 77 36
75 50 84
93 38 66
66 29 21
68 96 75
77 23 12
66 94 15
89 50 11
97 66 9
79 98 63
70 95 69
25 38 37
62 90 39
28 5 23
82 70 55
20 82 14
38 71 64
74 46 48
61 75 18
16 64 3
26 55 64
25 63 19
84 99 29
36 89 67
57 31 99
78 97 18
42 16 12
82 95 52
59 34 25
52 95 33
47 7 54
16 10 85
42 87 13
90 96 92
10 91 93
58 33 70
46 63 32
19 11 34
74 66 93
83 3 51
88 30 48
29 18 1
99 17 47
81 71 27
89 17 26
63 34 12
70 45 91
35 91 60
95 94 11
97 26 52
85 74 35
61 74 72
59 71 16
63 76 12
49 15 16
40 27 4
57 4 43
70 21 48
97 95 14
28 26 93
47 54 68
49 40 5
96 69 54
61 93 61
67 11 64
56 14 85
16 23 9
26 46 3
12 35 91
60 19 41
59 69 12
66 28 46
74 77 87
47 33 42
95 68 7
85 68 67
18 19 35
4 90 96
28 43 1
69 36 24
4 83 16
15 43 14
93 61 83
9 40 88
42 17 77
86 34 41
60 77 33
35 85 93
33 30 60
7 79 11
86 60 33
10 57 26
29 55 85
27 85 95
36 87 9
68 87 27
46 34 10
38 35 66
8 88 19
12 54 29
45 64 83
58 26 99
33 65 35
65 31 53
98 43 9
63 98 32
98 10 33
14 22 44
18 43 76
90 59 70
21 25 91
90 67 35
53 79 83
51 58 49
70 79 8
5 36 2
4 55 68
80 51 98
64 51 68
55 13 60
23 1 26
65 7 13
42 88 20
99 27 5
69 18 69
29 13 22
48 78 60
62 28 71
11 15 43
89 9 83
89 5 11
43 53 61
58 24 50
61 25 48
12 90 98
1 69 50
21 11 22
92 46 79
43 93 94
57 78 62
3 63 35
77 43 86
8 68 10
2 12 72
82 78 45
24 13 26
85 5 19
94 78 42
8 38 21
3 5 91
54 23 16
98 54 37
35 30 33
40 23 62
97 73 15
30 85 18
45 51 63
99 98 15
48 36 94
88 27 1
32 42 34
29 84 88
50 12 63
1 78 95
57 38 19
90 7 86
23 21 63
91 33 48
34 6 36
61 88 61
77 65 95
22 12 47
22 17 73
94 12 16
86 42 93
52 33 41
14 89 32
99 68 98
66 14 50
29 98 28
87 14 31
34 44 20
21 5 89
71 45 80
13 12 34
39 33 55
75 47 44
49 79 95
74 20 72
96 54 58
97 69 30
76 14 57
1 5 16
29 88 58
28 92 16
62 1 51
32 63 55
72 44 51
12 46 47
9 31 67
36 60 1
64 95 93
45 66 76
3 15 89
22 30 10
36 79 36
84 80 98
70 1 89
97 39 53
99 21 77
77 45 77
37 86 83
50 59 31
63 19 29
48 84 13
73 58 87
30 9 83
47 0 65
36 34 23
43 99 30
35 68 57
94 71 72
73 11 31
47 39 61
63 20 35
8 36 57
41 26 70
80 43 32
21 49 21
89 59 15
54 93 99
51 70 62
78 20 30
34 52 88
34 76 60
90 1 91
62 80 84
8 42 51
44 20 85
84 23 96
19 97 48
67 9 14
99 0 15
5 11 89
70 68 2
62 60 80
8 62 74
78 39 97
21 50 88
25 86 55
11 68 47
14 12 38
71 79 38
53 16 6
1 64 76
12 8 34
40 57 54
79 86 59
55 81 25
80 26 41
75 93 78
1 2 86
1 39 26
65 10 88
42 71 58
29 7 8
72 86 83
79 66 23
97 51 94
6 47 82
34 10 40
22 24 16
50 28 85
94 17 33
47 11 2
90 86 68
44 37 51
54 80 13
59 14 78
27 66 74
58 71 20
92 8 56
26 24 72
43 62 12
98 30 67
10 50 95
51 17 37
92 67 86
77 46 24
13 5 31
0 71 14
79 34 31
16 71 68
11 97 11
75 40 2
24 52 68
17 35 13
27 41 20
1 0 36
30 11 18
12 6 40
65 42 86
5 26 99
64 8 41
54 83 12
60 35 36
21 71 32
14 10 78
90 58 98
66 61 32
99 88 21
1 56 63
97 79 44
51 54 43
11 41 85
85 48 67
68 56 61
65 99 38
91 13 69
92 81 57
70 2 45
91 3 73
61 49 64
13 1 82
80 73 42
20 98 93
53 29 3
86 67 92
68 67 53
87 59 31
92 70 35
36 33 27
83 17 19
67 22 57
28 93 57
39 26 98
7 2 65
10 68 18
59 20 38
62 31 21
50 48 25
54 40 41
64 77 87
51 37 77
71 1 7
24 27 93
21 91 74
42 27 19
31 21 92
64 99 38
53 96 65
24 70 24
30 58 78
45 3 2
58 5 20
26 29 23
92 85 68
18 1 69
71 38 19
60 69 50
10 14 9
1 67 22
94 73 24
30 52 3
37 58 31
58 40 64
41 92 40
74 13 68
83 39 37
59 21 44
99 29 91
8 93 81
15 54 37
7 6 88
26 22 27
75 14 22
45 37 27
62 71 90
33 97 16
77 15 60
3 79 44
56 92 88
59 37 98
7 90 71
36 44 18
6 3 35
34 19 94
95 79 22
37 46 27
23 0 36
42 4 25
3 78 8
31 9 77
10 98 74
81 33 31
54 16 94
98 76 45
63 66 88
9 21 97
99 53 61
89 0 87
81 37 80
50 88 47
9 65 20
24 53 99
15 94 7
66 59 47
63 64 33
97 3 9
36 21 61
28 64 48
51 88 52
65 80 98
4 20 61
50 84 99
35 33 46
33 12 59
33 4 24
0 32 60
50 99 5
41 35 74
88 46 65
13 15 54
1 10 84
64 1 30
83 67 67
77 80 1
4 27 27
12 24 33
8 75 48
96 33 6
34 11 74
16 58 73
14 73 73
4 42 43
88 4 85
82 59 89
58 82 87
49 9 3
46 26 80
33 70 99
75 71 48
25 19 21
3 54 23
29 69 86
97 10 78
26 65 55
10 23 11
61 62 24
33 85 50
59 73 89
59 87 90
74 2 35
72 10 67
5 34 54
85 33 45
3 92 15
37 71 72
38 59 37
42 22 84
62 42 33
22 69 28
3 85 68
0 97 22
22 26 6
34 7 39
13 60 51
86 44 77
3 87 16
64 45 93
0 37 7
60 41 66
96 52 55
91 25 14
61 6 65
3 26 24
30 70 5
18 96 82
59 10 54
85 37 78
83 36 36
50 73 66
11 99 49
29 99 49
14 30 86
58 17 85
41 17 71
49 99 24
80 66 91
45 91 58
94 39 78
14 31 65
80 58 14
38 24 68
43 73 93
60 74 87
64 6 24
90 99 1
37 89 58
87 26 75
25 2 52
74 17 9
76 23 23
14 71 97
56 24 66
83 35 73
69 89 42
18 3 78
8 81 73
76 63 51
68 16 75
23 11 81
75 97 9
69 48 34
20 27 37
57 69 73
80 75 60
97 21 48
29 73 93
92 76 43
96 72 90
15 12 33
40 4 76
16 68 78
70 64 13
80 37 87
89 4 30
72 84 33
57 41 25
3 57 47
71 32 99
77 74 86
98 19 21
52 73 62
93 81 7
79 25 37
36 49 75
82 39 88
75 76 34
34 58 22
94 95 14
38 34 14
79 65 44
3 58 14
0 44 44
12 5 44
38 58 51
70 87 26
92 57 7
17 97 20
71 67 13
40 47 54
33 99 17
81 36 77
51 84 90
15 71 74
20 52 45
68 86 17
32 52 89
55 56 67
95 37 56
46 50 26
10 63 43
32 61 30
78 24 20
41 25 54
52 67 21
17 6 26
43 56 35
66 32 1
16 53 57
32 22 27
20 34 87
45 52 14
61 46 99
15 75 71
7 17 2
5 27 35
30 66 83
25 47 98
93 84 51
77 6 61
86 7 79
40 65 71
72 20 87
77 64 59
93 30 15
95 57 39
62 78 94
94 27 18
4 98 72
74 55 90
59 88 57
19 80 25
97 85 79
19 45 89
4 66 14
38 82 88
65 48 45
12 39 74
46 69 69
13 90 75
48 20 4
40 86 23
8 96 27
35 6 25
9 15 27
46 4 76
38 72 67
96 91 61
65 85 84
25 28 5
96 92 51
80 32 53
56 86 97
84 2 49
79 64 1
48 19 78
8 45 91
54 51 39
11 96 72
12 59 92
52 69 5
53 67 97
96 50 92
80 15 74
31 56 63
84 97 15
5 80 46
60 33 31
38 21 66
48 0 11
69 44 50
72 57 97
52 90 37
17 33 63
14 94 22
67 38 31
80 64 45
27 69 1
58 8 6
13 58 25
57 77 60
40 77 86
68 80 73
68 91 31
90 35 85
84 77 50
11 65 25
33 39 95
77 31 78
96 88 29
80 47 73
72 82 83
71 35 4
30 34 27
32 20 3
86 6 19
62 29 47
23 98 82
74 50 45
65 53 42
68 75 29
98 96 45
99 10 53
71 15 32
5 99 11
72 92 93
90 97 30
19 74 63
0 70 38
38 87 92
38 6 39
31 22 83
24 51 96
16 19 36
85 55 55
26 0 96
50 5 1
43 87 40
97 58 28
42 0 64
68 38 96
46 45 14
97 76 43
38 52 23
69 34 34
18 70 73
26 9 77
80 3 70
8 22 83
50 58 13
74 28 1
77 32 77
73 74 21
42 40 89
89 54 34
85 24 97
54 19 55
43 54 51
28 59 16
46 43 88
77 89 25
40 85 91
87 74 33
89 65 78
10 67 73
41 47 24
31 34 22
22 98 34
98 31 8
26 96 24
51 77 78
68 50 43
61 95 84
68 35 95
55 34 52
95 87 38
82 13 3
41 21 88
46 86 48
87 22 86
53 33 5
47 48 31
16 33 6
24 22 27
35 83 24
88 85 92
61 89 84
15 53 59
43 38 1
31 15 46
41 96 58
22 46 86
24 45 80
77 27 96
2 65 91
0 17 75
66 72 99
8 2 46
34 96 53
5 35 47
27 93 23
56 34 94
37 77 97
27 54 45
59 47 18
5 74 31
95 8 10
42 1 62
88 60 74
25 14 71
65 43 40
0 99 28
40 6 13
15 89 14
71 80 78
68 61 93
30 95 16
30 26 52
88 77 93
45 83 92
36 76 86
6 41 43
89 30 44
61 70 56
95 18 27
10 60 91
1 28 36
54 35 7
72 60 83
82 36 14
57 99 87
67 72 9
35 64 59
42 33 12
74 37 9
89 68 50
46 48 3
43 68 1
13 24 10
68 41 41
91 17 19
74 39 63
44 12 74
70 20 11
57 64 93
75 65 85
23 30 84
63 40 9
64 84 10
53 99 71
39 94 70
78 98 81
98 85 98
8 63 14
78 55 54
2 67 11
34 45 69
48 66 25
21 13 9
97 0 42
51 63 64
3 36 94
29 33 76
92 44 34
33 66 38
98 93 37
1 47 9
46 84 89
66 9 48
78 61 36
67 12 85
11 6 8
38 15 92
59 74 43
11 40 5
58 64 84
45 85 35
27 97 28
77 3 39
51 41 93
68 81 17
70 54 11
14 32 50
52 57 57
5 10 15
70 58 48
14 27 17
45 36 67
43 1 45
30 25 21
42 14 46
56 10 78
84 21 46
86 32 72
52 17 82
25 58 40
62 6 11
68 43 71
16 48 3
61 31 18
53 28 90
60 7 54
15 45 34
9 73 7
34 48 8
82 79 91
51 45 92
85 35 97
72 0 6
18 41 41
38 51 40
61 80 75
20 78 61
62 57 20
23 44 16
46 87 5
18 77 68
73 88 16
39 78 68
51 47 73
41 73 41
1 37 1
79 46 89
69 63 11
65 1 61
1 61 78
72 90 9
46 14 84
28 82 85
79 76 95
64 94 23
6 36 17
72 88 46
3 91 49
11 4 97
91 55 94
9 88 88
3 39 95
83 80 78
1 20 22
82 46 30
12 77 17
84 37 68
11 60 41
36 30 49
15 19 80
31 78 7
38 75 32
27 73 92
20 15 77
2 55 3
22 61 70
66 82 51
66 44 31
62 54 6
0 40 66
17 61 88
15 23 78
9 0 19
5 1 13
79 72 73
57 85 20
89 73 19
58 85 79
16 61 53
65 68 84
5 8 21
29 62 63
38 36 31
53 54 65
46 49 12
55 40 73
81 2 75
64 23 35
94 63 84
1 12 53
91 35 47
8 43 91
21 47 80
4 32 10
71 68 49
98 58 15
57 10 83
0 61 74
5 67 49
82 91 28
23 48 76
52 29 63
37 22 97
34 33 49
51 79 37
13 21 9
31 60 25
94 45 6
32 51 65
90 42 71
5 48 19
7 60 9
18 79 62
53 9 92
93 16 96
62 73 2
35 51 47
77 29 48
96 35 58
6 20 93
32 75 4
90 82 4
34 56 87
4 80 30
86 96 97
97 84 45
44 90 23
28 11 48
81 92 76
96 36 55
36 0 30
64 66 97
23 66 77
16 60 2
3 53 89
5 14 72
19 16 93
5 21 46
38 1 98
66 23 4
74 61 70
19 21 63
13 89 91
84 74 24
24 88 85
55 61 21
4 19 33
75 9 22
57 6 28
11 27 90
26 5 38
0 5 52
75 12 45
99 90 19
45 0 93
76 58 11
12 72 16
17 66 58
89 23 13
19 24 68
29 36 96
17 10 26
38 17 20
96 7 27
84 47 19
34 74 90
70 81 78
1 49 35
95 59 14
88 71 31
64 56 59
30 63 3
14 20 3
8 76 16
10 9 57
54 10 80
65 56 79
30 71 4
29 1 7
41 77 63
20 64 14
79 16 32
17 13 12
2 93 61
17 93 60
88 49 68
93 17 24
87 75 58
31 11 72
6 48 85
1 68 80
2 72 69
86 56 40
36 56 1
55 4 23
65 90 43
0 3 35
91 28 89
20 11 31
1 86 88
3 14 32
92 6 67
11 21 11
96 87 28
5 82 16
61 20 25
69 38 65
40 36 96
41 80 29
60 70 7
20 8 90
55 26 12
80 17 97
93 86 14
48 97 10
71 99 87
38 93 90
96 82 21
74 15 6
82 29 15
46 39 78
44 81 31
24 83 60
59 61 1
33 57 56
64 63 88
91 16 98
38 3 17
7 32 9
0 57 74
18 35 92
79 58 74
97 38 2
40 99 15
66 46 42
59 90 45
21 39 70
48 89 69
39 18 19
26 94 10
48 25 37
11 81 45
93 55 78
54 38 89
83 75 4
19 95 56
91 49 10
10 77 8
88 18 89
3 69 32
15 57 72
3 73 99
87 30 31
81 21 91
10 13 73
23 99 15
35 26 43
83 91 96
88 3 50
26 98 6
83 73 79
65 92 69
19 58 90
84 29 85
55 14 67
9 42 87
82 65 99
2 36 85
62 20 30
32 7 88
17 12 33
44 82 10
6 31 95
54 49 76
93 28 26
66 53 21
89 86 87
29 71 37
86 81 4
23 88 97
84 57 25
53 18 75
86 43 87
46 99 89
56 44 31
55 42 99
93 2 66
81 91 95
20 39 81
35 22 92
34 67 49
84 90 88
31 5 34
38 95 99
60 56 69
28 63 23
92 75 9
51 10 43
90 60 14
1 14 67
48 35 61
50 97 90
94 79 57
3 27 49
0 89 64
51 78 58
1 62 54
60 93 94
97 12 12
86 36 41
46 42 79
3 0 57
7 30 10
39 51 57
59 52 92
66 40 57
62 9 8
37 59 44
96 48 60
72 79 98
73 91 63
24 15 85
36 28 23
82 7 63
61 18 93
11 94 96
78 71 84
30 44 68
25 71 91
15 63 19
25 79 38
5 16 43
0 26 5
46 18 85
30 10 52
14 56 38
92 68 44
98 35 82
61 39 24
28 20 83
44 7 76
58 31 22
95 72 70
41 72 63
54 78 53
76 15 55
22 8 89
64 9 70
33 67 12
87 69 89
56 67 41
34 99 15
44 45 25
21 58 68
80 21 34
78 49 29
27 25 74
18 45 29
24 69 20
41 61 96
10 71 38
10 37 68
46 0 60
42 97 35
77 42 7
72 23 73
62 61 99
29 79 72
23 74 37
21 64 79
44 61 97
37 62 60
61 21 69
17 0 22
67 2 11
20 95 56
13 7 12
99 95 49
89 34 10
31 82 4
93 67 7
35 28 36
94 49 91
31 13 33
70 90 27
31 72 14
23 53 10
30 76 54
44 17 86
42 6 19
24 63 86
93 72 99
58 94 97
54 63 29
53 83 33
79 83 23
32 34 87
97 83 87
6 97 69
53 85 19
68 63 73
98 24 26
49 1 84
80 93 34
90 61 61
47 31 39
57 70 83
69 56 60
44 74 21
1 60 49
51 27 43
92 58 81
50 42 78
55 73 60
41 90 55
74 64 70
17 3 7
75 25 6
86 78 58
39 82 97
49 34 9
42 7 45
28 34 57
26 54 28
29 44 28
54 76 10
11 66 77
0 77 48
48 28 54
65 63 47
33 42 75
25 1 20
2 95 50
44 72 47
62 17 30
19 47 90
92 78 56
99 52 78
19 31 65
12 19 67
81 17 5
96 20 17
59 13 89
9 77 67
27 32 10
88 31 87
72 80 70
8 35 58
26 21 49
52 62 26
5 96 25
4 74 23
15 79 86
23 59 87
95 7 25
1 35 3
68 28 87
42 98 18
11 47 13
80 81 69
97 31 37
64 41 28
60 66 88
25 32 70
88 69 27
12 28 71
65 58 71
61 41 24
57 88 12
27 26 84
50 27 12
62 69 52
86 88 46
91 42 92
70 37 17
50 98 48
46 88 92
19 71 7
43 72 76
93 82 41
80 96 31
51 86 31
43 8 42
26 59 6
97 55 1
69 78 11
21 40 53
85 17 57
61 52 55
16 74 47
10 74 35
97 82 15
53 50 9
60 67 40
11 69 77
90 13 38
64 71 99
67 94 78
17 55 16
20 46 64
6 26 19
64 34 82
40 93 88
22 48 95
65 34 11
52 50 79
50 4 16
76 78 98
63 65 94
97 94 13
30 75 91
61 36 70
93 73 21
10 78 11
43 80 11
27 24 71
76 31 20
36 78 12
66 5 16
32 47 44
1 73 8
76 75 85
23 45 35
7 87 92
61 90 44
98 64 1
47 25 96
56 4 32
70 77 42
70 71 75
9 23 48
77 14 48
44 88 39
3 77 15
18 20 30
98 36 17
38 86 67
28 77 23
44 39 94
74 93 25
89 49 96
38 30 13
83 30 56
98 15 71
2 70 18
61 11 47
40 69 73
41 67 55
64 4 58
13 81 1
60 0 11
39 23 84
33 53 39
39 49 1
80 74 11
51 73 27
99 81 1
8 7 37
67 61 16
20 41 3
80 11 75
70 98 71
84 95 11
25 40 50
55 92 77
44 43 54
0 20 82
60 15 2
53 43 46
61 85 4
22 96 76
10 41 63
10 56 72
71 3 63
34 4 18
94 75 6
91 93 5
39 83 13
25 48 57
68 6 36
39 32 81
91 52 15
58 36 33
49 93 17
3 47 4
92 32 85
34 17 88
35 75 68
57 20 81
61 58 45
52 91 19
82 27 32
73 8 80
10 40 24
51 83 83
88 14 26
0 19 37
15 87 56
46 24 12
72 38 93
96 3 32
48 49 39
50 25 74
96 89 62
79 20 40
81 38 11
18 53 46
23 3 3
20 35 14
37 25 18
31 91 85
5 91 29
25 67 79
8 52 99
72 30 50
91 67 81
39 21 53
10 24 96
4 99 6
10 17 10
13 66 66
73 77 82
50 75 88
27 14 65
57 63 72
38 80 88
83 7 16
66 6 74
2 21 36
9 18 53
94 2 51
30 73 50
48 92 22
36 52 39
12 10 12
56 60 45
24 20 16
79 22 60
98 6 55
19 82 12
24 21 23
86 19 14
25 21 98
69 84 33
67 40 21
26 88 9
98 60 4
22 87 31
4 37 52
16 5 45
78 5 80
21 70 27
18 8 13
75 27 48
3 67 9
98 18 14
71 54 32
55 69 45
52 55 42
60 8 47
86 69 59
55 71 87
75 15 10
13 94 96
58 57 12
63 89 73
95 1 95
53 3 99
63 91 47
33 51 51
30 80 51
51 35 17
34 70 12
61 27 25
38 89 27
79 14 27
84 38 54
4 64 73
12 45 13
36 66 6
61 55 57
80 69 14
44 94 68
23 22 60
18 72 97
36 72 47
95 81 33
71 12 67
87 93 43
81 9 66
71 42 17
29 23 70
47 21 89
99 20 77
78 43 95
8 46 17
27 56 17
2 80 13
11 92 50
60 26 78
82 41 5
84 50 37
18 54 59
47 30 92
83 15 66
65 87 20
84 98 2
46 52 57
3 70 48
19 48 6
35 74 70
35 27 39
99 96 81
57 28 64
85 30 20
77 10 70
69 50 34
60 37 66
23 6 37
88 10 41
84 45 30
18 93 34
94 61 30
25 76 86
72 21 87
56 84 93
33 91 79
27 57 86
18 58 90
37 33 30
83 32 16
23 54 83
77 49 82
25 11 81
92 27 48
2 10 88
70 50 85
88 74 93
6 8 41
53 14 14
51 29 27
51 43 11
59 18 69
55 97 54
97 16 56
13 78 52
74 53 12
68 20 33
10 39 64
61 4 25
65 8 69
80 24 1
16 51 57
37 56 1
25 51 6
52 21 87
76 56 18
4 76 34
7 58 77
66 92 6
67 97 56
2 90 67
90 28 99
43 57 44
81 69 83
16 21 33
28 75 85
11 80 8
93 1 43
90 17 51
27 63 14
8 30 71
13 38 1
51 66 21
30 51 80
10 0 94
61 94 29
14 21 55
96 66 1
42 83 2
30 38 71
22 78 43
88 96 23
50 69 15
32 74 34
6 82 92
41 52 79
61 96 8
80 62 8
87 76 30
2 91 49
69 8 63
34 73 18
53 87 78
30 0 12
34 71 8
48 93 82
26 31 52
30 65 59
53 15 6
14 36 37
6 80 42
25 52 23
33 0 13
62 36 81
49 8 40
20 45 61
52 12 22
65 20 37
28 48 90
89 31 32
79 43 77
52 15 50
21 38 65
78 76 20
3 32 90
47 82 45
5 43 76
30 78 25
70 84 37
95 35 19
3 40 77
41 48 21
73 48 43
83 42 38
37 57 96
14 11 20
31 65 5
48 73 12
98 83 83
90 94 10
75 77 62
80 60 32
21 53 76
42 48 90
87 91 4
9 63 35
82 97 40
92 71 49
15 74 60
88 89 46
70 32 38
33 56 23
77 84 88
45 70 69
94 36 52
18 27 26
85 46 14
52 1 75
71 20 44
31 96 63
41 36 38
85 94 62
48 23 62
9 82 24
52 89 18
22 91 90
88 16 51
65 57 1
36 99 35
45 42 44
96 63 80
17 96 77
55 2 72
1 59 72
99 32 77
57 59 49
79 3 91
34 92 73
71 6 30
6 35 51
70 43 83
45 47 82
66 45 60
58 4 90
99 51 28
78 9 65
99 39 43
11 0 76
16 39 76
94 43 52
72 22 99
83 63 27
34 32 97
60 3 78
58 59 92
54 74 79
97 93 30
10 32 46
38 96 82
94 52 91
72 55 95
5 45 26
59 8 84
95 11 2
69 98 31
77 68 36
85 99 38
70 10 95
32 15 7
16 3 73
21 84 89
47 91 69
16 92 68
29 28 21
50 60 70
8 17 44
9 70 70
77 81 17
2 24 56
23 19 80
60 2 6
18 75 54
34 77 85
45 40 21
41 95 91
81 65 5
88 58 3
29 6 3
87 88 6
4 63 93
8 61 45
60 32 96
67 49 78
56 73 67
22 27 59
59 41 62
49 87 36
0 6 72
18 51 51
97 60 27
11 32 94
15 41 71
14 82 78
63 74 55
38 37 47
73 3 18
67 66 7
63 14 27
61 56 73
81 67 72
10 59 42
77 16 7
39 27 87
45 11 3
88 80 19
84 78 79
2 52 61
42 10 73
44 31 23
71 52 32
73 0 83
37 10 21
37 6 50
52 75 84
24 87 12
11 50 63
94 50 55
86 12 63
16 34 87
36 77 72
6 5 74
91 56 62
30 74 5
1 19 24
98 79 1
89 42 63
81 97 44
3 44 59
76 28 47
49 61 41
12 51 5
35 46 58
62 93 84
15 98 37
13 59 68
17 4 4
72 69 73
15 25 87
21 17 70
86 21 56
67 63 2
97 45 2
12 9 46
44 77 59
25 39 96
96 84 21
28 41 29
48 46 53
72 18 42
10 36 85
14 63 73
45 99 73
75 2 39
59 72 9
13 25 22
66 96 19
53 49 43
92 56 51
30 48 25
28 30 51
34 83 62
71 87 44
34 68 23
71 62 91
94 24 73
94 62 72
4 51 61
9 17 7
98 90 99
34 27 79
47 70 42
2 32 22
39 96 29
34 85 62
66 41 19
53 5 82
26 45 50
30 56 12
59 29 93
87 5 76
40 88 62
88 73 14
27 52 77
66 36 86
60 63 34
59 97 78
77 56 82
82 69 70
17 44 58
8 15 15
2 11 44
23 27 15
97 81 31
83 53 29
88 72 29
39 55 91
28 24 64
60 75 2
94 7 81
53 77 66
40 84 99
87 35 23
14 95 55
58 55 96
62 92 3
24 59 95
83 81 38
36 15 89
74 62 24
98 17 52
43 95 18
76 25 89
22 60 58
61 9 80
36 90 30
79 24 95
7 20 80
45 65 99
37 97 50
64 25 30
42 86 7
85 21 31
23 90 43
49 68 52
30 81 49
15 59 27
10 19 5
2 53 28
28 65 27
69 21 29
6 79 81
4 31 68
27 8 94
11 56 76
55 70 48
42 99 19
35 42 68
11 14 66
67 27 37
38 47 36
70 25 21
17 25 71
85 13 30
14 59 57
26 67 92
95 42 1
84 35 99
95 50 36
91 27 85
48 56 70
87 25 4
42 26 90
10 75 2
7 77 49
51 85 90
37 26 13
18 73 19
1 98 25
80 89 80
84 71 62
39 59 19
36 8 87
82 54 43
91 72 21
54 12 32
25 88 3
45 82 49
61 51 63
78 41 17
18 49 22
26 44 83
28 33 50
76 19 5
4 43 21
76 27 42
29 50 94
42 73 85
20 26 96
73 62 99
54 69 33
15 78 14
20 43 46
43 96 67
59 79 92
0 82 37
16 89 35
77 30 29
4 28 68
42 85 5
79 93 47
95 76 14
44 76 99
79 77 99
15 61 20
6 22 11
84 14 98
53 41 67
36 1 54
69 95 41
5 15 25
48 40 78
86 41 5
92 51 13
92 55 36
53 74 15
86 52 71
23 61 92
29 58 97
38 45 54
46 67 88
4 10 13
82 49 34
98 53 80
98 21 82
53 44 20
48 38 28
26 30 75
24 89 7
69 28 55
72 29 38
45 95 11
95 13 14
6 12 58
79 9 46
61 73 66
74 72 57
20 58 47
25 37 85
74 5 78
66 80 71
17 28 98
29 81 57
37 66 29
44 89 13
27 51 21
26 86 85
21 29 64
8 27 64
82 30 21
62 33 88
63 46 32
2 96 45
3 65 56
73 7 64
68 83 39
92 94 81
57 1 4
52 9 34
23 85 69
90 57 7
30 27 80
22 80 26
81 26 12
3 94 45
8 84 2
82 99 47
93 97 35
37 50 54
50 57 21
20 50 1
48 12 43
64 93 7
42 28 48
91 37 74
55 88 28
78 17 91
50 16 61
9 90 88
40 62 97
33 62 38
54 84 52
71 47 95
26 34 53
96 70 61
58 66 92
72 59 10
38 85 4
47 55 55
85 31 8
13 43 98
44 6 56
38 55 52
14 98 32
19 77 10
6 55 58
24 48 61
22 67 63
84 40 39
74 29 75
6 34 9
22 55 2
25 6 26
95 21 89
31 37 13
43 47 45
6 93 54
98 46 61
64 78 99
37 67 8
7 92 20
55 63 13
60 39 9
36 43 17
19 0 45
27 9 81
41 22 39
24 18 4
76 84 5
20 42 1
76 42 87
69 71 18
61 37 20
70 41 6
5 50 68
72 25 24
68 23 52
13 54 73
80 19 82
84 31 15
0 80 43
95 31 21
17 81 5
95 62 99
90 53 33
48 60 26
10 95 88
62 87 5
88 28 94
30 12 12
94 42 18
12 38 67
27 16 81
95 74 70
62 46 87
50 41 42
79 70 98
21 74 11
41 38 55
19 63 78
67 6 64
89 87 39
4 21 28
84 62 4
52 56 7
65 95 27
50 15 22
86 49 26
67 80 2
82 53 17
28 72 98
63 11 48
95 20 28
1 43 62
21 23 39
24 86 87
37 79 48
9 1 48
43 69 93
56 76 43
59 85 45
79 27 33
58 46 72
46 61 70
53 27 63
67 68 70
70 88 12
73 14 38
7 52 97
5 9 34
21 67 29
68 73 56
91 63 49
76 39 63
53 11 26
43 11 92
93 95 46
49 57 34
86 29 77
98 77 97
29 90 97
16 43 53
8 87 47
88 39 59
64 0 75
44 34 12
71 37 13
70 26 21
78 86 97
88 82 59
92 74 70
38 98 27
8 97 48
46 91 74
61 8 8
80 33 44
40 73 99
40 24 16
46 85 7
88 78 78
55 83 58
45 12 14
6 71 84
19 60 42
11 67 4
83 51 20
79 21 87
77 12 26
11 89 8
21 16 53
21 87 57
27 45 59
41 7 14
9 3 78
37 76 43
97 2 6
42 45 6
97 44 18
9 78 98
9 74 52
73 31 31
66 20 78
21 96 1
80 86 4
1 36 64
35 18 54
18 2 62
81 8 12
90 11 91
86 97 81
2 3 34
8 28 75
49 89 54
7 50 59
51 56 20
59 49 48
45 94 98
27 44 39
95 78 36
82 43 67
99 28 13
80 63 71
39 74 53
5 53 72
58 76 74
71 94 4
46 95 66
75 73 75
61 15 11
81 43 16
68 7 62
71 23 63
20 1 60
44 68 67
78 70 4
89 60 81
37 60 53
34 20 70
73 41 69
53 93 43
41 78 18
34 23 33
1 71 89
97 28 39
74 59 35
32 2 37
71 22 51
7 82 56
26 69 11
65 16 14
78 65 83
74 70 47
33 77 11
41 9 5
87 50 24
24 50 45
30 97 6
37 1 44
24 58 14
5 62 53
37 7 67
26 38 90
91 41 64
87 33 98
18 76 6
86 45 3
72 61 96
46 59 19
65 52 80
10 76 32
45 46 93
92 59 22
41 42 72
95 66 87
19 66 15
96 39 69
92 47 9
56 95 49
26 66 16
63 4 59
3 89 64
63 3 42
32 55 44
20 88 5
34 25 49
4 9 2
18 90 70
59 5 17
90 79 39
92 90 85
6 76 32
67 90 64
41 58 83
41 81 75
51 87 78
14 54 63
60 76 37
67 47 26
72 19 52
87 83 47
91 6 87
23 17 59
23 16 9
41 56 58
50 39 88
80 42 31
93 29 28
62 99 62
74 80 89
14 84 35
26 2 53
30 99 23
43 2 86
68 32 66
20 74 26
50 90 42
42 5 90
83 4 34
46 71 31
94 34 2
87 2 88
44 66 49
31 59 17
59 50 92
44 27 31
43 34 7
54 77 79
91 29 50
23 64 36
1 11 85
19 3 38
65 47 54
45 84 29
31 10 42
93 43 1
26 36 54
34 43 16
43 82 69
46 1 79
25 3 29
5 44 14
85 76 23
5 24 30
99 43 29
20 94 92
75 53 20
6 58 15
81 3 29
89 67 82
17 22 54
58 74 99
57 29 47
38 90 5
93 60 86
18 10 21
12 22 12
12 94 66
76 99 14
89 56 77
90 93 69
63 32 80
51 33 98
25 44 18
40 9 20
91 88 41
97 34 13
81 13 88
13 79 90
98 29 13
92 93 72
27 48 59
82 20 75
28 46 34
9 27 95
68 76 12
16 52 21
67 77 38
74 87 73
22 86 63
86 30 69
76 68 18
39 69 18
71 14 36
74 35 70
59 62 33
27 91 21
67 44 78
74 51 12
49 37 60
29 91 79
59 94 12
22 41 29
85 71 8
72 3 84
19 37 18
52 30 80
22 66 17
90 74 81
92 95 79
27 1 97
2 30 9
1 18 61
76 2 75
32 99 77
24 3 29
3 50 28
80 94 36
15 9 78
18 38 72
90 43 43
95 44 96
27 89 60
73 6 61
58 73 38
88 65 39
55 82 57
6 88 98
22 35 24
68 59 14
95 90 85
32 36 18
96 1 86
75 31 72
52 93 10
6 10 7
21 10 63
21 28 37
35 80 47
61 7 49
25 96 86
41 84 62
19 99 90
62 4 34
32 84 54
35 77 31
54 92 8
13 30 66
88 6 27
68 89 16
65 86 8
4 14 90
49 55 23
64 46 28
48 8 44
25 34 40
61 45 26
7 11 42
84 0 1
8 94 29
60 17 56
97 50 53
95 85 48
60 4 46
23 41 46
69 86 65
94 88 46
54 65 38
69 93 99
91 89 49
98 3 93
48 68 10
26 76 21
55 72 28
24 66 14
75 59 30
8 9 98
81 50 35
20 22 66
48 45 32
70 33 99
94 93 1
26 90 49
24 38 7
49 28 65
45 43 69
77 4 46
53 21 59
32 58 72
1 84 74
13 0 79
64 28 71
48 30 70
2 89 34
49 51 24
95 27 21
63 5 24
35 48 70
68 11 64
98 7 65
80 18 3
68 97 55
2 14 91
25 57 89
81 73 50
79 48 94
15 42 33
48 67 43
72 49 89
90 98 62
47 38 55
18 14 52
84 68 42
51 5 53
98 49 34
67 13 11
28 15 81
85 60 86
15 86 47
99 6 19
8 39 28
70 24 8
44 71 43
1 96 72
13 68 58
33 52 69
67 76 23
26 84 25
53 92 25
54 46 43
75 84 15
13 92 93
1 63 50
53 23 14
98 92 15
60 43 80
80 76 31
14 48 76
43 61 87
53 63 91
80 31 62
43 50 53
15 99 57
92 29 54
17 47 46
80 41 89
44 67 30
78 89 49
67 53 47
42 43 66
69 82 23
84 70 60
7 3 59
64 20 14
92 12 20
89 28 40
40 5 46
81 18 32
78 77 29
65 73 59
68 13 62
15 91 43
69 88 13
14 55 7
82 84 32
50 70 20
97 67 69
64 27 36
28 4 3
44 54 1
48 70 20
67 41 76
83 38 40
84 27 28
6 75 95
41 79 25
92 52 65
72 46 79
97 6 30
51 3 28
34 26 60
70 89 79
97 68 16
82 47 56
45 68 18
56 38 25
58 35 48
33 93 51
90 38 28
18 42 65
81 42 23
12 0 71
96 49 12
18 74 8
99 85 83
35 98 43
71 82 93
56 19 62
5 57 7
34 38 56
55 29 82
84 73 56
13 98 98
34 13 97
74 97 48
49 10 25
40 42 1
56 52 87
89 88 13
55 53 8
60 58 57
53 91 51
45 7 18
44 93 23
28 10 26
50 26 39
89 3 61
44 46 86
62 81 31
78 82 22
80 54 26
46 22 1
56 69 88
15 26 32
76 41 59
83 46 42
21 36 29
91 69 45
91 74 32
91 31 49
8 77 42
48 34 12
47 29 69
67 5 79
86 55 68
7 88 7
14 33 43
62 32 11
25 31 89
2 26 57
11 36 63
21 77 45
57 80 5
72 51 65
39 80 55
87 20 55
93 50 30
18 13 99
85 91 50
64 75 19
22 9 69
34 95 73
67 93 3
26 8 66
43 21 3
1 66 28
80 77 97
21 20 90
90 68 79
11 88 59
69 80 67
70 96 27
52 19 70
71 95 24
62 84 79
61 72 20
91 87 4
13 55 48
34 1 30
55 60 77
61 14 53
4 6 4
61 83 14
85 25 79
84 30 89
33 58 62
1 85 5
70 66 66
33 87 65
34 41 19
62 53 59
80 50 93
2 59 91
3 35 75
17 46 42
98 73 14
96 90 20
28 32 81
60 65 42
90 77 88
36 48 79
35 84 53
54 15 55
44 79 2
56 27 58
1 52 11
13 20 51
4 7 59
81 72 84
28 58 42
95 9 77
41 55 97
30 7 92
89 62 45
32 33 10
82 21 54
24 98 40
19 18 62
69 31 13
77 98 71
47 78 45
17 14 71
63 60 63
68 12 34
27 98 10
74 86 89
10 54 24
76 88 93
64 24 71
2 34 74
75 66 70
81 95 39
46 15 32
59 75 12
96 16 78
43 76 23
74 22 93
28 81 94
90 36 13
43 94 82
53 39 50
58 65 58
55 51 97
24 35 65
19 88 80
21 88 30
95 6 58
14 15 82
30 69 95
55 37 97
83 62 68
54 6 31
73 96 13
58 13 36
67 37 83
24 68 25
22 33 93
53 68 87
88 47 1
44 19 83
25 89 37
28 22 22
13 52 39
5 95 23
72 74 7
69 9 74
1 41 8
21 12 89
28 19 84
22 45 3
58 3 24
74 71 4
2 9 25
28 9 42
77 87 12
23 91 5
78 19 7
11 62 73
7 54 2
10 90 48
68 15 90
58 63 81
15 5 57
80 67 11
41 5 17
31 71 80
49 42 53
20 2 77
27 34 57
26 56 74
1 93 5
35 79 53
70 18 6
62 16 97
50 89 84
15 48 86
17 70 59
80 13 35
79 23 99
42 19 93
29 96 35
25 23 3
81 82 46
86 33 5
89 61 45
92 2 80
16 50 70
0 72 39
36 69 76
98 67 25
96 98 60
0 56 70
36 13 91
97 75 64
87 27 51
5 37 48
84 28 26
8 71 73
39 4 92
4 39 48
70 73 11
24 30 46
4 3 52
22 50 14
89 39 62
51 9 95
55 78 1
96 32 48
11 24 33
73 92 60
94 19 6
54 25 32
27 0 79
17 87 97
49 6 72
11 93 16
66 2 46
92 61 86
1 51 93
59 27 66
88 12 30
78 57 46
9 7 63
85 7 24
66 68 6
50 0 25
54 5 98
58 7 85
69 73 26
4 88 4
30 15 26
50 92 68
26 15 49
15 14 21
60 6 28
69 91 47
29 95 40
80 59 37
99 47 22
27 18 81
50 31 36
79 75 73
38 64 28
74 4 77
81 74 30
58 56 16
97 53 66
55 39 76
74 21 36
4 53 33
16 81 24
89 27 51
57 49 55
74 65 37
45 81 35
81 19 56
69 16 84
56 63 16
95 96 2
14 43 6
90 66 6
41 6 1
23 75 43
78 83 83
21 33 16
99 62 24
9 4 11
45 28 12
52 85 63
75 5 73
33 50 35
66 84 90
0 63 86
32 30 14
96 65 79
99 34 57
87 72 62
35 29 39
70 38 71
14 70 80
87 51 70
71 56 89
73 30 4
24 96 64
9 46 42
78 52 52
90 26 31
78 28 54
74 25 6
2 20 50
4 35 60
95 77 39
22 92 9
17 45 75
7 46 51
92 0 45
15 85 90
13 10 37
41 24 25
86 53 41
96 93 97
47 71 81
3 41 96
26 47 91
45 57 33
46 92 2
35 5 18
93 4 62
57 13 31
15 8 47
16 77 37
2 37 82
75 60 83
0 58 71
49 48 87
81 30 70
54 62 20
31 85 10
63 57 65
55 8 10
97 87 79
74 11 93
36 55 57
3 13 44
12 79 37
41 29 90
64 53 33
83 71 14
33 37 50
71 92 5
21 93 72
8 92 64
61 47 25
62 8 66
22 47 51
76 83 17
44 64 39
10 53 36
40 43 12
13 85 33
45 79 8
21 0 40
39 72 88
2 78 89
30 93 45
69 94 87
77 25 17
52 26 66
87 17 80
56 72 52
11 58 64
79 28 77
48 94 8
97 72 22
17 51 10
11 9 92
19 96 69
49 95 69
59 6 81
59 53 64
83 93 87
67 23 89
12 89 25
65 76 23
79 82 27
78 37 46
3 6 22
88 86 28
31 75 13
73 13 27
62 41 96
22 42 53
29 59 15
86 82 86
77 34 8
62 7 54
27 15 67
61 43 42
55 11 58
71 8 11
63 24 63
37 49 15
16 55 36
75 91 51
71 91 34
62 97 27
86 17 74
85 26 74
91 99 4
46 66 64
22 13 99
9 98 31
0 83 37
71 96 3
13 64 97
33 47 75
62 95 33
17 18 57
31 61 2
51 11 70
59 54 39
12 66 94
17 42 16
68 92 35
44 84 30
16 30 16
33 84 90
22 20 8
51 6 82
64 83 74
16 18 74
20 86 53
50 8 88
10 35 61
90 18 2
84 53 31
75 88 65
84 19 64
54 0 75
58 62 92
65 11 41
66 0 45
62 24 81
72 14 35
32 83 94
64 54 76
89 93 90
48 22 49
61 57 31
38 9 13
21 27 79
7 80 5
31 80 63
33 72 94
83 6 5
93 8 71
31 40 52
19 50 13
56 88 62
10 84 77
2 33 85
94 32 4
35 4 39
42 76 87
12 93 79
61 30 14
6 30 47
83 45 72
10 45 75
31 51 83
21 65 7
67 8 42
62 77 85
30 67 36
62 14 53
85 64 56
11 26 64
41 32 61
92 80 76
90 76 3
43 66 25
73 33 18
51 2 96
78 2 19
77 44 57
8 12 66
49 18 86
73 72 87
31 46 44
60 48 29
11 7 13
68 1 62
23 80 35
79 68 69
59 39 4
45 56 27
98 86 6
82 77 87
54 86 56
19 68 15
1 27 96
58 11 94
44 51 48
16 20 22
84 59 75
34 16 46
78 15 28
99 72 34
5 20 24
23 70 40
27 30 91
31 14 14
79 7 24
94 25 95
10 21 88
17 38 56
62 59 69
50 33 23
38 41 54
64 33 55
43 70 59
19 84 96
79 89 68
98 75 69
14 88 28
76 1 60
2 85 12
52 47 5
7 43 12
95 15 94
47 10 18
56 40 4
42 54 17
6 78 1
97 65 35
18 81 58
52 58 9
48 26 14
5 65 43
35 59 40
47 3 64
75 34 32
33 6 52
90 21 45
62 72 38
36 63 22
79 80 7
1 13 13
61 33 15
45 39 54
88 91 12
41 14 87
94 67 17
37 90 89
52 7 91
23 39 76
22 68 6
78 0 77
42 77 33
0 60 45
42 23 34
37 13 86
99 61 71
26 77 64
0 64 43
32 40 75
84 5 18
86 61 31
1 80 18
26 3 84
66 86 86
27 96 75
55 68 9
63 93 78
8 21 87
1 30 55
38 29 83
95 88 11
78 33 53
66 26 38
36 54 83
39 0 70
41 0 27
36 35 54
3 96 12
20 33 8
41 85 63
14 81 59
78 87 75
57 46 90
59 43 58
60 78 1
0 31 6
0 51 76
15 2 69
22 84 98
56 75 1
36 9 16
7 96 91
76 70 20
30 89 34
88 68 86
26 12 20
94 29 97
28 14 19
83 79 99
33 31 14
60 11 99
12 99 8
5 42 61
97 5 13
80 40 23
58 48 26
24 25 61
77 40 99
71 98 84
28 71 75
87 9 30
0 13 96
48 71 76
39 64 11
56 46 71
34 37 79
58 87 59
30 18 47
94 68 12
42 55 31
43 30 59
15 84 77
50 44 82
24 23 13
58 50 34
41 46 88
80 78 22
17 62 86
60 47 38
58 34 93
99 93 75
34 90 4
43 67 68
71 48 79
79 91 77
39 61 82
99 3 33
61 23 82
43 81 60
61 10 53
42 63 37
59 96 53
27 50 25
66 71 48
9 38 53
56 80 63
78 44 86
90 70 92
68 47 96
5 66 70
35 21 11
30 79 37
47 18 3
81 58 23
12 47 4
85 3 52
66 75 8
70 75 80
42 75 15
57 55 62
87 58 49
37 45 65
58 79 41
55 91 34
19 41 9
12 20 18
26 40 39
73 57 67
15 72 11
15 66 57
52 14 92
90 9 72
24 99 5
2 46 99
10 61 12
39 47 50
61 68 20
28 91 16
75 42 85
39 41 24
98 0 47
19 8 2
64 48 52
77 85 92
40 76 43
45 22 64
57 8 41
36 97 96
55 52 17
67 15 83
41 30 38
41 82 32
40 78 35
37 38 15
52 81 57
15 6 72
45 89 9
88 21 22
7 45 46
17 90 4
93 51 90
55 23 6
34 57 96
97 33 70
30 4 55
50 94 80
42 31 72
40 1 80
96 27 57
7 47 61
7 42 27
86 93 38
24 94 5
13 19 84
92 21 84
84 56 20
67 56 97
28 54 28
11 16 21
43 98 99
71 84 56
2 40 95
48 80 91
12 74 74
85 95 89
6 70 32
26 71 32
72 87 52
88 50 23
52 63 65
87 29 50
49 38 6
76 16 38
56 51 89
69 62 31
78 92 76
22 49 28
97 18 62
41 2 71
87 31 96
6 15 95
18 7 99
48 79 36
61 78 25
18 87 70
56 82 81
52 27 96
17 41 14
90 52 93
36 4 22
51 18 48
25 66 96
37 74 6
58 61 34
99 50 98
52 46 68
86 98 47
83 27 21
66 63 49
53 51 62
38 57 47
93 34 43
60 92 70
48 39 27
24 47 46
43 48 12
67 32 39
63 55 65
19 34 80
51 99 76
89 20 88
23 92 91
65 40 6
97 56 15
24 75 62
17 74 58
37 36 17
53 4 61
69 79 27
20 53 42
6 54 72
35 66 50
26 43 53
59 83 30
23 25 15
20 57 57
60 87 16
32 23 71
76 18 21
59 46 44
75 13 90
76 81 41
91 38 90
97 29 96
97 43 92
29 47 80
90 55 73
43 9 16
57 96 15
24 14 12
87 13 43
39 97 1
0 34 71
40 50 87
96 94 95
56 31 1
32 18 39
7 21 67
63 26 18
16 44 91
57 23 28
2 69 64
25 22 66
23 62 66
70 40 61
15 56 65
1 77 89
22 43 25
92 43 94
45 69 97
5 89 94
45 53 25
15 68 67
65 93 46
37 34 10
94 31 71
64 76 39
89 51 40
73 1 52
21 9 38
32 76 66
58 1 69
35 63 71
17 67 65
97 91 53
55 27 20
85 12 22
33 64 2
62 49 54
94 82 54
12 2 34
69 24 9
16 31 92
23 36 59
44 11 57
82 64 7
71 46 11
84 41 55
49 76 2
73 53 11
51 75 45
11 31 83
97 92 21
35 37 15
76 47 26
75 0 57
58 47 37
80 30 30
80 97 49
38 46 39
25 9 45
0 18 40
32 90 43
75 44 34
34 79 80
95 43 46
83 37 33
50 52 21
81 10 48
57 16 51
82 56 75
95 84 9
76 65 42
47 17 81
91 39 7
55 64 61
43 33 96
6 94 48
90 32 34
39 45 27
32 98 62
79 73 72
28 49 25
49 60 60
32 88 68
0 79 39
23 56 31
73 94 24
32 94 34
45 50 97
42 67 63
85 23 30
4 84 25
32 11 41
53 13 74
90 63 94
10 11 9
31 70 56
31 52 13
45 62 97
57 50 69
24 92 78
74 96 87
92 35 26
98 38 90
22 34 72
70 57 42
75 48 26
6 73 25
16 97 53
34 0 17
8 5 49
85 32 46
79 12 5
13 99 94
49 7 1
53 24 58
32 0 61
93 44 98
37 54 27
74 56 98
22 76 99
87 44 31
40 8 28
47 53 93
23 4 50
85 40 21
67 54 15
32 72 72
29 0 99
50 83 7
85 14 27
83 99 88
44 13 25
6 14 14
80 8 73
76 30 36
4 77 16
90 65 29
85 52 30
61 69 77
35 32 30
82 89 75
29 31 20
26 49 38
81 66 87
17 16 21
11 57 10
8 69 63
36 91 4
70 8 74
82 11 56
81 59 25
82 76 30
12 68 13
28 57 73
58 88 8
93 48 46
3 52 68
70 22 10
48 13 19
87 65 94
43 13 32
73 44 99
74 14 11
24 85 14
9 16 2
1 3 49
48 21 32
23 28 11
98 20 32
89 71 91
39 44 10
32 9 99
67 10 91
8 13 54
94 58 1
47 69 70
75 68 52
0 39 36
76 3 65
5 19 9
10 15 93
81 49 2
69 40 71
72 32 73
82 90 95
67 59 49
72 91 84
90 12 72
65 19 89
37 32 34
52 36 71
18 23 49
14 96 67
96 19 78
17 72 81
56 66 91
55 50 47
8 53 54
27 31 97
28 8 6
26 93 31
27 64 42
55 33 88
84 16 16
89 45 78
55 31 47
52 23 74
47 56 98
94 8 82
92 89 95
60 1 76
58 93 17
73 46 37
53 70 6
56 37 22
52 39 97
94 15 96
87 37 51
75 80 33
57 56 94
46 53 30
56 7 31
1 44 77
23 15 39
34 64 67
24 28 97
22 51 62
12 52 83
44 59 66
18 6 85
42 69 6
21 15 50
96 74 96
49 5 13
57 15 80
27 13 93
44 26 8
97 8 60
33 94 55
70 65 6
42 84 62
15 51 33
62 38 39
67 62 61
42 47 73
71 81 48
25 59 57
76 97 25
49 4 44
91 26 50
99 37 82
79 57 83
60 98 48
64 32 90
25 8 46
70 9 55
35 16 73
19 79 3
57 3 39
37 68 82
33 44 55
45 48 94
25 7 7
42 52 43
34 12 98
21 8 32
28 7 68
32 73 17
49 17 68
36 50 2
80 5 15
64 15 57
15 62 22
76 64 96
40 30 89
1 58 88
54 55 85
96 26 93
35 82 21
73 99 25
53 89 85
68 2 81
53 66 78
37 81 93
89 32 4
70 67 27
10 85 1
14 66 52
79 11 7
43 64 55
23 95 55
56 50 95
46 62 47
58 49 15
45 86 41
15 73 62
43 88 15
76 33 62
15 32 98
95 99 9
52 35 93
23 7 47
72 85 45
99 65 85
67 35 50
33 32 84
83 97 34
2 48 15
16 29 85
49 92 18
31 0 24
61 12 85
80 68 75
37 83 98
67 48 98
58 92 34
84 13 85
80 57 50
73 26 73
72 28 9
37 94 87
8 67 5
5 40 51
25 74 58
69 39 50
20 44 15
36 86 8
12 3 69
9 76 92
41 83 62
49 22 94
83 78 76
99 74 9
47 35 73
56 90 92
7 85 4
35 76 50
58 69 88
87 53 86
38 40 7
76 22 50
69 60 55
69 47 24
73 9 93
94 40 67
76 86 23
66 7 47
29 77 15
32 6 14
1 32 45
74 85 32
7 69 71
14 67 26
97 88 9
49 12 28
0 21 57
21 34 59
9 24 80
6 17 30
88 11 47
16 45 6
89 10 39
41 97 92
36 62 86
48 51 7
48 50 67
93 26 35
49 46 27
36 67 87
4 54 34
73 89 81
3 83 91
55 15 70
71 66 82
54 67 83
70 13 56
45 25 88
12 41 1
58 42 40
8 95 39
97 15 74
74 6 61
73 22 71
40 71 43
14 65 55
11 20 42
80 46 4
56 83 7
83 24 75
33 34 1
73 75 83
58 91 74
93 46 19
44 83 87
93 54 85
25 73 87
91 92 3
26 7 28
32 44 88
98 72 11
28 25 90
93 49 2
57 62 99
14 17 24
23 81 19
86 90 88
40 55 48
12 21 41
65 75 1
14 40 21
99 91 19
81 79 48
42 89 88
45 78 16
71 44 82
57 30 41
88 97 29
43 44 43
47 62 59
10 8 38
50 79 99
13 44 97
77 50 57
28 35 21
41 59 30
8 24 23
21 75 69
59 38 68
1 65 71
16 47 92
46 97 12
7 36 33
35 34 12
93 24 31
33 63 3
75 55 44
37 19 37
79 26 91
67 7 37
30 91 76
21 14 90
88 54 47
28 96 82
92 41 85
69 3 59
82 35 22
71 34 2
75 43 90
17 78 68
36 29 83
70 53 45
23 57 32
84 82 92
71 90 83
83 72 13
2 15 97
45 23 76
13 93 47
52 18 98
35 69 69
40 19 22
22 64 17
92 86 15
75 74 79
33 7 83
9 86 18
49 75 28
72 36 46
75 69 94
10 81 53
61 0 24
64 13 21
68 31 33
96 43 53
87 82 80
50 40 30
33 13 10
70 99 91
56 25 77
40 70 42
20 38 79
11 53 23
77 60 43
26 74 64
91 73 93
52 16 1
40 29 81
11 44 80
15 11 45
50 32 90
65 55 34
13 48 89
36 3 44
91 45 61
74 45 37
49 94 53
3 98 61
37 17 86
0 33 85
50 37 65
51 65 99
23 14 65
57 25 60
94 0 70
11 55 7
55 99 78
50 11 93
45 2 34
15 35 29
60 61 80
96 11 63
64 44 66
19 56 83
24 74 53
75 78 66
83 26 57
48 99 11
79 31 69
60 52 87
39 13 11
21 89 56
52 0 1
61 28 9
73 23 66
4 48 94
98 33 49
16 24 31
81 63 74
72 63 33
46 41 64
90 54 21
74 88 81
5 30 75
10 99 92
49 44 93
79 35 46
94 33 25
84 4 56
66 88 86
17 21 26
47 42 42
90 72 17
16 49 97
62 94 70
44 99 98
82 74 13
95 75 25
14 46 5
96 51 89
49 90 66
59 23 27
42 51 21
52 34 38
87 94 24
56 20 20
84 67 77
57 21 23
4 79 70
27 12 74
46 54 25
87 41 32
45 97 50
61 87 45
73 78 39
65 77 30
27 70 37
40 56 64
93 66 60
61 60 71
26 95 50
46 35 28
1 54 97
48 59 23
83 84 24
4 15 76
80 39 90
8 78 54
35 39 15
38 5 8
60 55 77
11 25 73
84 8 67
6 98 12
59 67 40
62 67 83
82 16 82
32 65 36
32 56 67
31 4 54
36 59 77
9 47 68
51 13 89
88 0 24
18 94 13
47 19 6
78 38 2
48 4 66
27 21 68
12 11 1
20 21 57
55 93 54
3 30 29
80 4 30
86 74 85
69 51 25
18 88 64
97 90 85
47 6 54
69 35 11
98 94 66
73 93 41
41 62 34
82 5 59
49 70 34
15 13 34
51 57 46
51 4 76
76 26 15
74 48 56
31 3 15
32 89 84
68 49 94
31 38 28
26 73 63
53 69 94
71 49 95
62 96 82
94 80 84
17 43 75
39 54 19
54 11 6
72 96 89
25 45 89
51 68 18
4 13 61
86 2 63
64 43 68
74 7 53
91 47 81
65 29 15
77 86 89
52 98 54
18 36 43
17 36 64
42 49 83
37 3 31
2 94 51
33 27 7
11 78 1
89 40 17
35 23 25
6 86 19
15 69 46
94 47 84
40 83 93
65 45 51
7 44 84
82 60 9
81 6 43
77 28 2
66 16 53
99 69 86
43 51 22
9 95 13
36 25 77
87 1 53
32 19 36
41 93 55
99 4 42
95 5 3
34 54 11
38 13 19
71 5 28
65 64 61
16 84 95
59 19 99
73 18 93
97 9 49
70 94 60
36 45 79
96 12 57
25 50 6
66 51 10
43 20 47
77 76 14
23 33 11
30 43 95
58 68 3
0 96 28
93 89 49
50 76 86
60 29 63
5 78 47
33 2 13
21 48 2
78 29 83
99 31 50
67 30 8
38 67 19
68 99 42
39 62 73
22 36 69
5 68 19
0 10 95
81 0 4
84 18 71
94 85 40
21 80 36
99 14 85
0 84 80
19 87 55
98 74 22
15 20 3
0 24 45
13 26 64
28 13 74
96 86 35
26 83 87
25 91 50
18 15 3
16 1 27
98 12 8
90 69 51
44 57 35
40 15 72
70 61 70
7 67 66
25 62 15
41 28 67
52 72 71
57 72 94
16 38 81
27 81 76
13 75 29
31 98 18
60 99 44
56 43 53
51 59 71
1 8 94
81 14 40
85 75 67
49 65 57
1 42 99
44 23 97
61 26 62
7 59 52
52 88 92
52 70 23
80 99 82
55 54 61
59 35 16
34 87 22
47 94 92
4 24 66
50 6 39
59 26 22
3 46 44
31 28 19
95 82 93
49 11 16
69 17 39
7 56 70
14 16 78
60 27 40
46 79 85
9 51 95
48 42 19
75 36 67
35 45 88
12 64 19
86 23 4
70 31 78
36 12 44
16 56 87
21 41 30
84 96 1
46 93 66
0 45 95
87 32 47
34 72 5
65 70 90
65 9 81
67 71 10
50 81 13
83 2 37
67 51 58
66 98 57
34 49 10
75 54 88
63 54 24
34 31 54
54 43 85
7 84 67
64 5 69
11 90 61
51 48 11
57 45 65
3 22 35
19 5 42
50 10 71
13 4 6
9 55 71
95 2 89
69 58 44
59 93 55
46 23 48
4 71 3
88 37 80
91 66 58
19 70 39
32 13 13
3 1 93
48 69 82
75 16 79
55 95 57
28 62 71
39 71 94
91 82 75
99 67 50
13 73 75
37 80 50
67 21 94
63 88 93
19 20 83
48 41 97
82 57 84
43 35 82
19 91 70
25 78 58
33 54 42
99 5 19
20 5 69
82 2 5
94 26 36
3 72 44
20 76 21
71 18 24
15 31 12
14 26 31
76 95 27
14 5 3
79 5 60
82 32 19
91 50 23
45 5 66
3 48 64
63 39 18
66 43 46
4 92 84
98 78 52
70 74 4
94 92 93
0 15 27
48 11 55
76 5 88
47 58 71
98 52 74
71 26 36
7 68 89
35 95 38
99 11 83
85 87 31
30 8 35
15 22 80
69 64 92
28 83 91
8 33 69
58 20 39
42 56 73
21 69 30
85 18 19
11 10 29
98 51 51
21 59 80
56 96 22
32 69 85
37 44 65
45 77 80
95 46 53
49 73 42
85 22 72
26 16 38
91 43 1
52 83 6
49 64 37
77 88 88
28 94 96
48 88 93
65 96 41
83 41 75
22 71 80
50 23 87
65 26 56
2 13 74
71 72 21
49 98 17
41 57 48
85 81 90
56 36 54
36 14 65
66 15 67
52 28 80
99 87 45
47 75 83
57 82 71
79 96 57
23 83 50
25 87 40
16 59 18
37 20 80
71 29 50
26 18 27
25 17 87
72 31 40
38 28 73
69 15 19
60 64 37
35 96 30
1 24 32
56 54 29
90 51 74
33 9 2
60 44 24
39 70 93
89 82 76
52 61 71
57 27 32
80 87 61
0 1 63
85 8 52
3 49 88
59 56 75
66 85 98
31 33 77
16 90 92
41 63 4
90 75 13
37 84 39
49 35 54
15 21 56
91 76 15
8 37 6
41 31 6
76 46 85
94 55 33
8 99 86
65 81 61
5 98 86
64 14 63
38 53 32
50 72 53
28 88 54
12 65 78
31 95 92
43 24 5
4 47 19
89 47 60
88 1 83
53 10 63
89 85 58
66 24 46
49 63 96
52 79 96
7 40 7
89 44 75
6 84 95
85 6 27
90 95 14
99 82 31
40 18 43
16 7 73
41 43 26
47 27 84
55 19 52
3 38 5
52 31 91
74 99 17
57 22 12
90 29 30
26 61 70
18 60 17
44 32 96
64 18 10
95 26 63
50 87 27
46 32 45
66 30 51
35 78 50
48 57 12
34 59 19
62 52 41
17 65 24
26 91 61
90 88 80
95 60 34
79 88 58
42 61 49
18 80 9
90 22 88
77 7 20
3 9 79
23 87 91
58 98 9
76 61 59
74 90 52
48 7 98
2 27 21
32 80 53
19 28 9
47 43 50
26 11 17
86 70 51
87 86 60
15 81 77
7 51 15
62 75 11
12 48 30
59 28 36
64 59 83
53 0 93
85 38 45
42 36 21
50 22 63
12 53 26
58 97 73
32 87 28
34 69 77
46 73 96
0 74 63
38 10 84
18 68 74
3 10 72
31 64 63
54 17 22
76 93 21
19 42 13
32 49 86
87 64 83
27 35 26
8 0 22
97 7 47
34 78 2
71 36 22
6 46 24
13 96 11
85 83 77
48 72 21
92 9 78
88 5 28
56 85 95
99 38 55
83 56 32
39 48 59
15 40 82
42 34 41
18 12 42
39 89 24
99 35 62
95 91 29
28 39 68
31 39 3
78 63 31
72 34 80
59 80 86
27 22 40
73 82 40
85 51 88
64 65 55
71 53 32
80 61 39
21 42 31
64 74 19
16 99 19
10 97 3
76 24 79
74 60 66
78 88 78
44 92 85
37 9 30
91 1 47
9 37 58
10 80 15
69 65 90
88 29 75
56 18 72
5 33 5
75 63 5
91 10 73
45 59 8
9 39 79
54 33 28
7 70 65
64 2 29
31 99 3
64 89 72
51 26 87
8 66 3
22 97 49
29 76 47
19 73 89
86 75 78
7 81 61
26 72 78
42 96 18
5 85 78
38 32 61
98 37 23
79 92 61
67 4 43
1 4 21
83 8 49
89 15 88
51 15 25
69 59 58
56 64 24
41 13 77
0 98 7
25 54 5
4 5 94
11 83 24
86 4 35
92 84 94
29 85 83
80 14 87
52 38 20
86 68 80
50 61 57
73 28 64
25 84 95
2 81 6
98 14 69
55 7 92
31 1 1
52 5 13
11 22 45
9 43 89
94 35 59
63 25 59
99 44 71
88 75 39
71 7 37
72 7 88
35 62 66
83 86 73
68 65 38
80 92 12
52 97 76
76 87 65
0 67 55
41 86 79
50 80 54
81 45 93
17 24 56
2 82 36
76 35 57
49 14 75
74 75 31
6 99 80
79 4 86
54 82 88
79 69 32
46 96 51
3 37 48
2 83 49
8 1 28
59 92 93
69 4 30
78 42 77
11 59 98
18 4 87
51 82 67
22 70 96
42 18 30
91 83 4
93 71 59
6 40 75
77 71 45
80 49 86
86 54 61
89 37 98
95 61 53
99 84 80
54 28 42
20 67 34
76 43 50
91 11 18
92 48 92
48 9 65
55 98 91
20 12 1
63 58 35
63 73 40
81 75 98
95 16 13
56 16 38
64 55 19
7 22 42
35 72 39
82 25 30
46 51 89
15 34 41
84 42 24
32 97 21
37 52 34
0 12 66
17 50 53
46 25 67
50 55 20
12 75 6
58 60 60
61 2 86
65 32 36
12 78 8
74 58 57
31 77 39
87 6 95
29 21 77
22 16 67
53 76 80
92 14 95
43 36 69
30 46 20
30 77 13
42 95 11
97 4 33
40 94 12
9 29 82
94 54 58
37 69 82
5 6 88
78 73 29
10 4 50
62 21 31
79 84 82
53 45 42
99 36 85
66 67 46
74 78 25
73 54 68
54 45 21
73 21 55
77 61 80
8 74 73
11 42 57
16 36 27
99 46 89
82 6 34
41 66 74
2 43 72
63 62 72
9 93 68
92 11 7
37 51 65
47 20 10
55 48 20
16 6 44
62 51 61
71 59 94
28 47 14
87 3 59
97 40 78
79 56 86
55 21 45
56 5 10
50 74 10
69 43 18
29 26 77
1 38 93
23 79 10
33 90 75
81 87 18
90 62 54
97 17 93
23 42 32
40 32 57
39 66 86
31 25 19
8 83 6
46 27 84
28 99 80
98 95 65
78 93 77
47 8 20
18 69 51
92 88 28
19 62 39
75 49 33
32 12 61
85 96 27
59 60 49
52 45 77
97 96 2
93 27 35
50 47 88
50 85 12
94 56 14
58 81 28
7 99 89
14 87 4
97 52 7
7 41 59
14 51 38
9 49 39
10 20 34
17 91 74
83 22 74
60 50 34
94 65 41
66 42 20
72 77 63
50 36 69
12 25 88
58 30 31
96 53 41
97 36 1
57 54 71
76 12 34
4 58 45
29 83 8
14 64 66
48 98 83
92 4 76
48 33 14
37 72 14
62 88 80
60 91 68
11 75 37
41 44 54
81 35 25
57 95 11
18 62 71
33 18 55
8 64 71
59 68 23
45 98 26
53 42 42
68 94 47
82 93 62
74 41 32
8 20 46
54 14 57
64 12 58
81 15 8
73 10 63
37 31 3
37 65 53
82 83 61
78 53 69
87 0 82
80 65 94
24 7 3
67 50 48
88 38 97
53 88 20
36 20 5
63 69 72
56 12 22
61 81 91
25 98 21
67 85 66
38 14 46
17 57 94
18 26 5
54 48 6
8 25 58
5 58 50
52 94 51
92 40 52
30 32 2
14 86 23
59 95 36
7 13 59
39 77 44
64 38 83
72 83 60
53 19 76
18 89 14
60 82 36
78 69 10
78 11 39
9 54 46
85 66 44
79 6 11
77 83 3
21 7 83
98 2 77
48 2 76
4 45 2
12 61 3
55 10 58
63 52 90
48 10 51
0 27 11
30 64 28
60 25 44
0 49 4
28 70 91
65 39 23
75 20 15
55 65 36
20 54 91
74 83 75
14 2 52
32 38 47
25 26 98
45 16 96
29 30 59
64 49 36
17 9 51
95 73 49
30 42 34
87 70 59
81 4 20
81 12 4
79 45 57
52 13 22
36 64 16
32 16 77
62 63 79
45 55 99
40 26 6
18 0 82
28 36 97
37 75 86
80 70 69
95 45 69
26 62 24
80 44 43
21 44 91
37 4 13
47 95 33
9 19 5
83 87 89
16 86 12
31 69 6
92 28 24
58 19 59
85 90 21
40 21 87
57 87 21
45 4 16
13 2 22
60 86 24
49 36 91
28 3 93
27 38 12
80 36 2
6 27 89
23 29 88
6 56 29
65 28 46
58 22 97
54 59 76
87 68 20
27 11 96
16 11 50
25 56 86
49 31 56
36 74 83
9 45 35
33 25 7
28 68 9
27 58 10
7 61 89
29 70 99
62 68 51
38 60 60
19 57 48
42 59 76
32 62 83
83 92 91
19 69 71
91 78 27
13 6 42
94 87 46
19 78 95
68 14 51
51 25 59
95 28 54
77 57 62
87 95 76
41 98 70
99 48 67
13 46 94
83 69 84
12 83 47
13 88 40
17 54 52
69 1 91
23 34 78
2 38 70
20 83 33
79 0 5
42 39 87
78 1 79
21 97 3
82 88 53
65 46 48
22 53 14
36 39 90
25 12 92
88 76 15
84 48 93
76 51 77
54 9 92
8 23 89
99 92 61
29 35 24
73 5 53
90 41 86
29 8 56
99 71 58
39 14 88
20 72 86
77 53 41
63 35 59
11 28 54
86 57 78
91 40 59
55 9 96
91 86 50
91 8 75
46 17 5
45 34 36
49 74 15
99 12 93
13 69 22
53 52 14
15 47 46
32 95 10
7 37 45
97 57 19
25 20 86
14 53 29
83 47 98
45 27 43
94 69 91
39 91 26
1 76 63
9 36 80
56 77 9
54 18 98
63 49 58
92 62 63
6 16 76
65 36 58
90 34 69
73 90 44
74 82 79
29 82 52
96 56 30
38 74 80
13 40 63
33 55 29
72 9 58
38 84 31
82 71 1
89 14 2
48 75 17
85 70 67
38 78 74
62 11 39
64 3 9
84 12 42
35 93 73
63 94 67
83 23 67
56 29 87
38 73 76
80 29 56
22 95 21
45 54 53
19 39 2
29 45 70
65 79 75
70 28 62
34 40 21
18 31 12
3 4 63
89 98 46
53 22 76
16 46 97
40 98 52
9 22 41
36 2 98
26 27 80
69 49 14
76 49 82
32 29 73
49 32 55
2 47 46
89 91 10
54 29 86
46 70 68
38 22 84
40 95 15
83 88 61
68 71 19
28 66 75
38 4 9
63 50 60
20 0 45
30 35 55
29 17 8
14 85 33
1 29 44
95 24 82
10 26 54
66 78 48
3 68 53
39 56 94
60 89 18
11 1 92
67 19 10
94 51 13
30 2 75
48 95 78
19 29 8
43 45 97
66 35 18
32 53 93
87 67 9
4 38 42
72 16 78
35 11 76
51 32 81
52 3 96
79 10 90
56 33 87
30 19 14
14 92 7
81 34 58
71 9 17
58 89 63
91 90 36
93 75 5
98 8 77
89 90 28
58 54 62
57 2 26
38 62 41
15 90 59
96 81 62
6 53 55
56 78 31
30 92 96
18 29 87
0 36 35
97 37 98
50 14 75
37 12 56
31 83 8
32 85 43
17 19 80
13 42 66
54 21 18
19 15 4
54 98 8
12 91 9
75 7 90
82 80 70
38 42 87
26 99 58
65 88 96
68 5 72
82 51 5
64 79 47
38 48 63
18 39 10
59 63 49
45 63 85
0 42 47
48 65 17
81 99 49
69 7 10
45 96 17
36 93 41
87 24 22
57 26 56
98 65 25
16 42 74
90 3 23
8 72 86
91 12 50
66 27 89
36 17 10
62 74 61
79 50 94
4 82 80
99 58 94
4 25 17
10 43 46
19 64 77
27 87 78
75 89 33
16 72 59
9 87 86
92 13 49
35 99 77
67 70 34
37 99 30
88 66 89
98 5 8
85 28 18
43 97 75
47 93 72
76 79 18
62 50 50
61 48 49
31 32 48
9 5 93
39 79 52
50 67 40
17 73 90
95 97 53
24 77 89
60 21 40
68 27 38
20 97 39
84 61 84
23 84 11
59 12 56
48 63 30
89 81 14
1 97 63
4 0 65
99 80 41
39 43 21
58 38 55
45 93 13
63 15 43
7 9 82
85 54 74
31 79 60
26 60 1
39 46 77
72 75 90
97 1 76
84 3 52
61 79 48
89 18 87
44 14 34
9 52 3
33 92 40
8 59 38
44 24 99
48 64 11
11 54 82
11 30 2
55 44 47
18 92 65
68 22 37
56 11 92
61 42 26
7 98 21
94 60 77
74 30 77
43 12 87
88 23 21
89 70 69
74 57 30
12 4 18
8 10 9
70 11 41
22 89 3
74 84 66
20 3 63
8 34 32
31 81 27
7 19 9
18 84 70
6 11 8
50 95 75
66 93 17
26 33 50
35 24 49
92 96 47
81 29 61
12 84 37
22 62 58
36 88 29
77 41 33
63 1 77
84 76 49
92 64 98
18 50 74
98 44 16
67 17 2
37 24 18
32 35 10
21 1 13
2 98 30
57 89 65
31 29 85
45 9 90
89 53 92
90 81 18
43 40 63
46 60 52
93 83 19
90 44 24
41 18 27
49 27 89
7 8 91
68 82 97
22 75 84
4 86 8
68 69 14
2 64 37
16 78 88
76 57 56
74 95 88
13 22 41
33 22 94
25 60 21
24 34 96
32 5 11
0 16 11
90 24 71
44 4 28
57 79 70
78 96 97
26 25 68
89 41 39
42 82 18
32 39 55
73 19 42
63 56 1
10 96 38
81 23 76
25 43 9
12 67 86
55 28 7
26 70 4
40 7 91
65 33 78
43 52 35
76 7 95
80 56 86
78 6 60
62 85 40
43 14 40
86 65 83
70 78 67
94 44 47
77 17 17
33 95 94
40 53 23
80 1 27
30 72 50
86 59 67
55 74 1
34 53 98
91 2 91
76 9 68
40 46 51
20 73 92
21 99 20
86 64 62
1 15 9
84 72 23
59 78 80
91 71 6
14 25 97
2 68 16
68 79 97
47 98 56
62 27 28
29 51 21
22 38 16
60 68 32
53 31 88
79 44 51
31 92 41
51 12 26
84 83 73
31 58 71
33 36 49
71 30 79
93 12 20
73 80 16
52 64 72
2 44 42
12 63 44
46 7 94
44 69 39
95 30 17
85 41 11
0 73 36
61 50 80
75 67 55
27 71 17
9 28 96
50 63 85
85 65 88
55 87 41
29 48 60
41 50 88
86 77 77
56 65 40
0 11 44
37 47 21
33 28 29
84 85 41
98 45 32
16 28 25
23 50 66
82 68 53
87 39 72
38 11 10
53 84 59
73 45 15
38 91 70
0 62 13
29 66 66
51 80 90
47 96 20
38 27 39
58 10 71
93 36 83
21 94 53
52 84 1
8 47 79
94 37 32
7 29 35
13 62 98
42 50 63
80 98 24
5 73 25
36 7 30
47 50 78
43 58 96
68 26 22
41 68 75
88 15 68
53 60 26
6 91 31
60 5 70
34 5 28
84 86 48
92 24 8
79 47 86
46 12 27
91 97 58
91 53 6
53 86 79
60 72 8
98 47 29
73 97 73
60 54 18
76 91 18
84 34 65
87 48 22
53 35 76
24 65 93
96 60 35
14 74 80
52 8 75
95 89 65
48 77 26
45 17 73
66 83 39
9 6 8
25 92 69
81 1 27
84 17 69
80 55 25
29 86 77
70 82 44
81 88 19
8 65 24
11 37 98
41 60 28
94 72 6
6 59 16
24 71 13
96 45 76
84 55 55
16 13 87
83 33 67
42 70 61
48 85 1
54 20 37
15 58 98
90 6 71
44 49 26
63 85 39
90 27 19
94 48 41
6 96 76
53 81 97
89 8 62
83 16 20
92 63 63
15 3 19
11 72 57
96 0 24
9 33 62
47 64 84
50 51 81
80 90 83
67 26 80
78 16 74
80 72 23
22 52 7
63 28 79
93 58 28
10 44 54
69 57 42
85 72 37
90 48 56
78 59 7
92 39 83
55 16 24
6 69 7
24 78 18
86 83 21
21 81 91
2 17 59
18 48 78
23 10 14
3 29 40
69 61 61
13 18 96
33 20 99
72 64 84
66 87 41
18 25 80
48 15 57
84 51 21
82 8 36
97 74 92
10 64 35
57 32 66
8 31 48
54 22 32
89 69 79
80 22 49
88 43 24
68 37 50
29 42 92
67 45 9
70 0 55
93 53 54
19 67 40
23 52 50
21 63 9
1 57 73
3 43 8
16 75 55
8 6 31
72 95 14
52 4 26
11 48 93
12 60 55
39 34 7
73 83 92
24 61 5
56 97 32
9 30 14
23 55 9
80 34 61
42 38 42
42 53 73
52 65 86
54 36 99
78 54 94
72 27 82
93 63 98
98 32 22
88 70 66
39 40 27
10 88 51
71 61 64
65 94 5
22 14 59
31 30 42
20 96 9
90 87 66
82 72 14
44 22 44
31 17 19
3 11 89
61 54 31
33 69 94
53 72 18
94 90 33
67 95 94
88 56 3
5 29 48
35 14 89
25 35 2
73 15 77
61 76 72
97 49 25
55 80 3
26 19 99
35 89 83
87 19 26
30 88 22
30 57 4
46 31 4
1 83 87
61 97 72
51 60 54
23 73 1
6 63 46
75 83 82
69 81 51
57 71 69
86 15 14
25 55 15
4 85 43
64 85 8
30 86 34
87 4 54
3 24 64
96 46 29
89 11 41
90 83 97
32 3 29
76 96 24
4 68 8
91 59 11
44 73 82
63 70 16
55 58 32
18 30 92
70 62 38
7 86 67
72 56 69
60 84 18
79 36 42
96 22 8
47 34 84
87 61 44
42 3 30
23 68 99
54 52 26
29 61 34
37 11 23
10 79 23
44 63 6
51 50 1
87 15 56
85 15 31
96 17 66
60 12 69
59 45 99
86 48 77
94 59 25
54 66 22
37 39 48
4 40 60
46 47 41
72 13 91
2 23 64
69 23 40
64 52 47
45 18 50
8 98 9
47 68 5
84 87 83
8 89 86
25 16 17
84 52 64
70 19 5
85 45 65
72 39 39
20 66 22
89 19 78
27 72 55
53 1 78
55 67 98
35 71 49
49 21 67
61 71 37
79 63 36
64 86 20
97 13 46
69 42 2
22 3 5
33 15 31
63 51 76
51 24 19
77 95 25
86 72 17
20 23 43
28 79 13
58 2 17
40 16 75
5 87 37
99 79 29
54 91 45
22 19 68
47 45 80
84 75 36
18 17 29
58 39 50
77 37 80
4 46 21
27 10 77
54 61 97
56 79 81
31 12 9
91 70 97
64 30 10
70 44 70
76 98 25
56 30 61
24 91 99
43 90 80
52 71 1
95 3 92
48 53 51
25 53 90
60 30 44
51 39 83
72 81 55
81 31 91
86 9 28
44 35 27
64 35 25
20 37 71
65 37 2
87 8 93
24 54 69
48 16 75
14 61 58
54 34 32
10 47 34
18 98 74
90 20 91
63 2 51
1 50 32
94 96 96
36 23 71
53 71 78
11 17 56
49 84 77
76 38 4
12 57 71
30 96 28
28 87 25
39 95 60
20 68 70
79 81 66
62 26 33
79 60 73
13 17 43
17 92 66
79 94 8
7 39 80
52 20 25
28 21 25
40 13 58
20 65 24
25 24 13
85 86 32
26 4 95
48 24 21
63 83 53
54 8 95
34 42 78
14 93 76
68 84 36
65 54 47
48 37 41
43 27 42
62 86 20
91 14 34
71 31 40
77 38 33
76 53 12
19 83 87
36 58 67
56 98 96
47 49 95
30 47 5
78 4 36
85 61 85
28 2 80
87 21 63
93 40 15
39 42 52
65 83 4
40 2 34
94 41 36
75 26 13
48 62 44
7 71 13
18 78 72
96 57 73
59 7 18
18 95 57
73 60 5
38 49 70
10 16 45
83 68 82
35 43 89
49 33 83
91 81 76
20 19 1
71 76 57
20 81 15
80 27 74
68 24 59
70 16 33
63 12 64
75 4 64
8 73 80
39 65 81
69 30 67
1 99 59
14 49 44
43 25 41
98 66 51
24 0 92
73 16 30
28 80 38
92 98 65
82 67 65
23 43 68
7 23 5
56 70 83
3 33 90
52 22 96
46 13 53
6 32 66
33 89 62
20 4 3
28 76 57
70 46 59
42 91 24
44 80 77
26 39 72
72 24 9
75 57 94
66 99 97
10 93 1
78 8 6
90 64 49
75 30 50
61 3 17
49 82 80
75 58 94
21 92 89
22 85 84
53 78 30
50 2 66
57 5 17
37 16 17
18 86 19
51 61 51
90 2 49
98 63 98
80 9 38
91 60 72
6 38 18
81 32 53
99 25 66
59 77 12
77 93 28
17 95 23
59 55 78
93 59 38
69 32 78
74 33 45
74 73 29
74 23 50
46 36 37
1 92 68
96 15 81
33 10 56
24 16 33
42 72 25
38 56 39
16 69 40
7 75 99
75 19 44
99 70 97
67 78 79
88 33 46
99 49 61
48 91 84
99 26 93
5 84 68
41 40 82
27 94 76
46 72 98
44 1 72
57 40 54
44 40 74
77 9 90
73 38 85
91 24 94
4 44 61
19 10 45
14 78 14
2 73 70
69 12 17
4 73 22
59 3 75
16 98 47
62 39 6
34 51 34
10 42 24
61 59 36
75 29 33
4 50 18
49 39 97
71 85 85
64 98 52
95 71 11
64 11 66
59 91 81
63 90 13
98 39 35
68 18 54
69 5 37
9 2 38
17 49 10
93 92 84
15 82 19
43 71 95
1 87 86
44 8 96
17 31 59
74 40 2
79 59 29
53 7 95
70 3 15
28 50 78
47 14 41
44 85 80
27 37 75
25 65 1
92 97 15
8 58 55
42 15 39
28 42 68
6 9 57
17 99 10
2 29 97
23 60 74
19 13 14
9 8 34
17 20 23
64 90 58
2 18 56
32 60 24
88 19 5
56 53 11
44 91 32
34 21 14
17 85 88
19 81 84
62 76 33
93 77 70
51 93 65
19 9 45
58 51 99
10 49 9
86 28 56
58 80 28
44 21 83
44 28 65
14 6 90
71 24 44
97 70 41
36 5 33
66 52 88
8 3 93
94 6 81
44 9 44
7 0 74
45 14 59
69 10 85
36 46 97
31 47 32
46 10 16
29 63 26
40 97 33
23 31 44
93 41 65
13 49 90
41 11 62
0 88 92
93 31 44
32 78 61
64 72 97
87 98 37
54 13 48
92 15 99
79 33 84
95 51 69
42 92 13
72 98 16
3 84 56
17 40 61
0 95 79
91 84 57
55 0 48
13 14 84
44 62 35
49 59 46
67 52 79
39 88 60
6 68 82
32 71 39
28 52 68
22 28 97
74 81 76
92 69 4
67 57 95
24 40 63
48 18 87
80 95 27
81 90 33
78 14 56
12 7 52
70 72 80
38 12 76
36 96 16
79 41 29
91 95 70
18 71 29
59 22 52
28 23 69
45 10 45
41 99 43
65 22 1
33 40 84
56 35 38
4 11 53
71 58 29
95 4 27
55 22 18
16 2 92
88 45 91
14 52 23
27 7 62
93 5 50
14 99 91
76 67 75
3 19 70
15 64 17
24 10 80
65 82 87
65 4 67
99 42 7
10 3 23
20 31 35
19 46 81
26 97 94
13 35 40
13 16 62
53 17 50
54 41 99
51 67 92
9 79 91
15 88 81
80 52 17
85 82 55
49 19 58
39 7 17
97 46 4
71 64 77
78 62 80
71 63 62
33 45 71
31 41 57
51 92 72
75 28 69
23 72 61
10 62 42
4 94 20
41 75 91
43 86 43
39 25 60
19 94 2
67 98 59
30 1 16
46 56 80
65 89 65
92 19 86
85 78 15
51 8 62
35 41 96
25 81 55
6 39 55
60 94 58
39 58 25
67 92 23
29 4 96
22 31 69
88 94 57
15 49 86
52 42 57
77 92 25
66 70 94
62 44 8
14 8 49
78 95 84
57 93 31
44 48 61
67 99 54
73 98 11
59 89 8
27 23 93
51 81 27
90 14 49
12 14 16
53 57 35
40 37 31
33 29 44
47 2 6
60 9 24
75 61 73
46 20 32
26 50 95
59 31 24
32 17 99
74 16 56
80 25 52
65 49 46
85 11 62
66 74 74
62 98 1
65 24 84
35 3 37
14 41 52
88 84 71
72 67 69
72 12 18
17 94 49
83 65 77
84 33 40
90 0 57
13 83 21
30 5 8
96 55 4
87 78 73
99 73 55
36 80 69
90 16 75
20 75 55
19 36 99
25 85 84
67 73 8
17 29 71
89 96 85
49 0 30
42 41 70
14 34 2
54 32 75
65 72 33
32 59 90
13 3 24
71 77 91
53 2 71
67 60 85
63 82 68
3 17 83
83 57 1
11 71 45
36 84 43
1 21 24
32 26 86
76 69 84
47 99 86
72 89 99
78 48 2
77 47 4
59 30 36
96 31 30
76 0 82
72 8 11
7 66 39
57 67 53
50 86 34
63 36 27
70 49 82
8 14 76
44 96 80
55 86 30
35 65 19
47 76 47
92 72 17
32 81 90
45 49 22
96 80 43
11 12 98
11 33 89
27 79 66
96 23 66
4 52 91
41 65 26
95 29 65
30 49 48
0 29 15
99 7 89
36 71 18
4 96 18
78 66 72
25 90 40
33 3 88
34 98 71
75 70 75
51 0 68
30 82 23
19 86 64
81 85 86
21 55 54
15 95 74
33 41 65
66 54 20
41 89 6
28 0 7
68 10 26
86 38 77
65 13 48
12 43 57
94 91 29
89 46 34
81 76 77
33 88 46
66 3 25
37 23 64
47 84 87
89 22 26
7 95 35
29 11 21
27 90 28
33 71 1
17 98 73
18 82 18
58 43 25
99 63 85
49 13 64
71 16 27
34 84 61
16 25 83
92 79 81
41 71 76
93 35 9
73 81 38
10 86 45
79 62 61
96 79 26
77 67 16
46 37 14
35 0 54
69 27 94
51 46 99
60 57 17
68 90 2
66 17 13
69 53 7
56 26 14
77 33 60
41 54 78
93 21 69
87 56 7
32 66 24
5 46 29
69 70 8
34 22 73
58 16 92
98 91 8
16 96 91
65 62 79
32 77 27
98 80 34
60 79 34
45 76 1
94 20 44
96 18 22
35 47 10
22 58 77
12 30 8
68 88 32
96 75 48
30 3 44
74 18 9
89 94 13
88 57 67
88 53 72
85 9 90
14 38 42
51 19 2
45 13 63
39 87 67
36 24 57
30 23 51
81 22 43
44 36 73
0 59 95
5 4 48
19 12 78
44 42 98
13 23 67
27 80 12
76 21 58
3 51 23
59 51 64
81 84 65
13 51 4
50 77 98
57 33 67
78 47 11
66 97 62
85 88 67
73 50 79
93 42 77
81 52 26
59 40 33
95 92 80
26 23 88
8 90 85
62 40 79
78 79 37
29 16 81
93 39 78
55 90 22
40 75 79
34 81 81
33 23 3
76 48 63
93 32 68
24 39 78
95 56 62
87 90 37
70 59 63
41 76 24
76 90 53
61 16 64
59 82 39
53 95 3
72 4 51
3 55 72
32 14 36
36 32 21
14 39 54
14 35 6
31 48 15
90 5 12
70 35 43
43 65 70
37 96 94
56 41 67
4 89 26
4 61 65
62 35 69
92 53 98
43 78 51
43 37 36
54 96 97
15 36 5
39 81 14
0 28 70
24 1 92
5 77 2
94 3 29
72 26 51
3 34 27
82 0 98
71 57 8
11 52 41
32 50 21
63 78 18
97 78 49
40 10 54
12 97 17
62 79 65
57 51 70
50 71 17
36 6 16
37 40 16
6 57 30
79 74 62
29 34 28
34 50 87
55 46 56
11 45 54
29 43 26
39 16 91
40 96 37
98 61 80
8 19 44
38 44 29
24 57 81
91 80 75
9 68 72
70 80 61
67 87 16
26 37 75
37 28 85
31 63 88
85 97 83
50 9 64
62 3 52
9 32 81
6 67 98
43 74 18
30 98 33
75 45 6
71 19 12
57 35 76
48 82 45
12 82 32
2 54 29
17 1 73
68 95 69
57 9 97
64 80 31
64 7 44
38 65 93
18 66 49
2 97 76
45 92 88
49 85 76
54 75 92
99 97 56
79 54 87
10 65 63
63 0 15
53 55 90
62 48 25
24 81 6
89 64 35
29 57 8
48 76 5
87 80 70
46 77 74
5 39 38
7 94 98
56 94 82
46 75 95
25 4 33
49 86 13
43 26 48
63 68 41
88 40 44
90 78 1
81 20 32
85 49 47
23 93 51
39 17 17
99 76 27
78 64 19
0 68 69
37 27 14
1 82 3
40 92 58
55 18 16
93 3 31
13 41 20
70 6 62
22 63 66
92 22 97
54 85 40
32 79 52
83 94 52
26 28 94
15 28 80
31 94 64
83 5 66
83 43 5
88 61 25
25 69 42
36 40 84
66 31 35
26 17 59
85 56 78
92 25 17
94 14 6
96 24 34
39 30 31
4 81 29
70 63 85
99 13 6
85 92 86
12 49 81
58 45 23
25 15 25
10 87 75
86 62 79
41 27 12
58 12 19
49 67 90
14 50 59
20 85 46
27 67 35
65 74 53
5 22 18
34 8 69
17 56 16
8 49 56
94 70 89
92 82 2
68 77 22
31 97 9
41 10 30
37 82 15
29 37 79
24 9 72
60 18 43
14 1 44
27 92 5
66 21 88
75 21 7
47 51 96
27 83 46
54 56 85
89 55 61
10 69 69
69 75 52
73 56 34
47 16 64
47 44 29
94 38 36
84 92 17
97 59 27
78 84 24
3 16 17
79 52 79
39 38 94
1 53 43
80 82 76
17 23 34
45 6 82
39 8 75
35 49 89
96 14 7
65 25 77
58 18 96
99 45 78
69 14 15
80 20 12
56 58 36
33 5 33
37 53 44
1 70 78
56 49 30
0 94 66
78 21 15
5 28 28
60 46 8
46 80 52
76 89 66
27 39 88
99 19 40
47 86 74
87 63 30
31 23 34
64 10 25
55 76 94
10 30 97
76 62 37
45 29 5
20 40 5
62 64 76
5 83 53
13 28 31
55 36 67
59 86 65
41 8 22
32 54 80
43 31 59
23 47 95
43 17 52
46 30 86
59 25 53
63 6 30
43 28 56
11 79 81
40 38 63
90 50 50
82 63 48
81 46 78
93 98 40
32 82 72
32 43 95
85 50 19
98 1 67
47 41 98
16 94 69
0 93 94
44 50 9
98 71 65
31 35 36
85 62 29
81 98 87
26 52 84
27 49 58
22 88 83
12 34 12
72 47 33
73 51 51
12 95 47
78 80 99
53 36 50
51 53 3
53 90 17
11 39 79
82 31 70
58 99 41
88 63 86
55 43 33
16 76 54
73 66 66
36 68 50
36 65 8
20 56 58
29 97 91
18 99 64
76 20 43
85 43 1
66 18 99
20 87 12
92 42 88
33 21 42
7 53 4
93 76 61
33 11 18
58 41 15
67 96 68
32 41 27
40 64 52
9 56 48
7 73 80
83 28 8
47 97 9
51 1 58
77 18 30
31 27 71
42 32 40
35 38 21
89 35 66
42 68 92
55 89 75
20 59 71
65 41 98
40 17 62
89 7 63
31 44 70
78 74 17
20 28 30
59 16 77
26 89 20
36 75 5
44 78 15
20 93 83
37 78 76
46 65 79
10 82 32
22 57 20
97 24 38
41 1 91
86 79 12
6 29 7
66 90 62
32 91 39
78 26 4
43 89 25
59 44 21
26 35 50
17 60 71
56 45 69
12 50 30
63 99 58
39 3 74
14 77 9
75 35 38
90 46 55
82 17 24
84 58 13
86 99 66
10 7 28
63 43 41
39 12 55
69 41 90
11 43 56
73 49 39
98 23 37
49 41 32
15 1 89
39 1 49
45 73 75
95 53 97
38 94 50
66 65 79
20 7 83
64 91 95
6 28 32
57 37 46
14 9 43
23 12 60
91 54 82
30 94 6
42 46 77
64 16 73
80 91 7
83 40 51
30 59 97
83 89 59
66 55 88
4 18 84
77 90 25
21 66 22
19 25 52
0 66 84
22 32 48
63 29 83
86 73 42
23 13 86
55 41 66
3 81 30
95 48 68
13 29 47
9 48 16
9 34 9
65 97 6
26 80 49
37 48 51
32 21 28
75 10 49
