100 4950
71 18 59
66 60 85
91 88 78
8 27 68
17 39 57
88 42 57
40 31 47
86 98 92
84 59 33
80 59 63
66 4 98
37 89 57
33 11 81
40 86 18
76 95 61
55 92 88
11 91 85
98 30 35
96 64 7
41 97 9
6 23 63
92 80 13
88 50 70
27 64 28
35 98 45
92 37 54
23 1 54
67 48 82
50 95 33
75 42 71
15 65 66
16 70 32
69 49 87
33 94 80
85 84 3
33 32 16
14 19 67
61 23 12
73 78 91
65 38 5
37 42 73
99 0 89
79 31 89
43 51 20
84 60 92
28 74 41
38 11 76
54 65 50
23 56 39
38 90 35
51 57 4
75 14 73
71 1 76
26 85 68
57 56 6
99 71 87
20 44 66
74 66 75
94 76 56
25 30 43
46 69 90
52 73 96
18 90 94
41 14 91
45 17 12
98 65 52
3 47 70
76 8 68
3 78 12
9 67 10
87 68 80
32 3 23
74 71 57
57 7 8
38 75 9
23 48 4
60 11 24
86 28 36
36 20 68
44 87 14
0 94 53
25 63 32
9 82 64
79 63 48
4 2 24
77 46 49
49 2 32
51 34 66
71 63 55
82 42 63
70 32 27
93 2 37
22 42 24
85 81 56
65 50 47
25 71 70
85 28 64
57 8 82
91 81 62
84 88 49
38 88 28
18 7 48
61 1 20
38 85 12
51 19 55
41 73 42
10 63 27
5 19 80
99 55 57
90 31 21
12 2 59
61 14 8
37 68 37
79 17 47
98 12 61
21 1 66
97 24 90
38 67 65
63 80 99
90 92 42
44 65 6
95 62 30
54 29 92
0 71 97
63 53 71
92 15 7
7 20 54
3 91 38
82 38 84
43 74 16
18 11 68
16 17 97
2 16 30
54 72 51
51 70 18
21 60 35
57 92 63
29 54 77
16 93 23
98 16 49
62 84 63
75 6 37
19 76 93
62 6 50
12 33 77
75 69 69
65 90 3
38 84 30
8 65 10
8 75 47
25 60 5
29 92 78
47 29 12
44 63 14
6 21 33
30 41 4
11 82 76
39 7 93
67 21 25
23 77 79
70 69 6
39 15 97
44 67 24
62 42 3
40 1 27
20 91 74
90 21 81
6 73 72
14 34 7
94 67 3
17 51 92
60 57 13
21 95 57
75 2 64
8 44 86
54 97 57
32 87 49
7 93 39
34 56 79
90 63 92
35 30 12
58 61 75
28 36 10
13 33 37
47 74 90
67 98 15
62 19 63
15 40 8
62 30 45
72 68 21
20 94 9
3 6 9
11 3 1
62 69 24
59 35 55
81 71 32
23 85 44
35 34 34
58 9 8
45 62 26
57 66 84
1 32 65
10 67 26
45 3 17
25 32 31
83 34 70
59 43 22
62 63 35
82 25 13
90 2 77
2 34 36
26 45 6
92 49 14
68 76 85
0 21 89
57 69 84
68 95 62
13 70 43
94 83 11
7 22 20
55 50 8
66 48 16
89 10 71
42 74 40
58 50 30
61 93 33
7 69 10
66 7 44
40 83 54
14 32 55
67 93 3
77 61 63
33 25 23
4 1 45
10 32 55
45 87 3
88 46 11
72 39 9
68 59 36
38 40 87
61 62 90
85 5 2
24 13 31
1 99 31
86 35 34
18 44 31
19 35 67
13 42 32
98 55 12
18 95 95
90 87 91
0 44 73
54 19 66
81 48 40
15 70 75
63 71 68
20 22 32
38 64 72
75 45 10
64 72 3
44 23 99
93 29 12
68 84 65
83 3 34
18 8 33
12 39 72
95 77 34
67 20 6
1 0 6
55 76 58
1 64 85
66 99 43
49 60 61
62 70 41
15 94 11
99 25 98
80 39 57
43 85 24
25 91 54
29 51 11
91 84 96
0 78 67
43 1 40
15 99 97
97 45 15
27 70 99
74 14 25
78 23 32
30 97 67
65 91 23
18 6 84
94 93 15
56 90 4
72 64 40
10 47 26
48 83 48
87 1 76
29 18 53
15 6 37
13 72 87
15 44 59
70 6 82
66 47 49
54 83 66
39 79 95
26 66 91
35 49 87
12 28 74
30 59 60
51 65 33
30 71 69
84 38 41
10 30 3
24 28 70
98 78 78
5 77 4
87 56 49
71 16 19
26 21 35
95 63 82
46 26 94
5 75 87
31 55 58
77 85 48
94 29 94
65 76 86
42 5 33
46 79 21
93 50 5
14 71 18
62 38 78
46 13 9
64 49 39
5 32 11
31 4 63
30 57 39
73 30 95
71 91 59
96 25 71
31 65 48
3 99 99
10 9 1
45 22 3
66 41 26
15 8 10
10 49 30
55 84 70
10 77 24
53 42 97
8 9 83
21 79 76
83 41 25
92 31 56
70 11 2
74 70 72
55 82 3
89 14 93
51 85 46
94 81 66
38 70 13
65 5 64
41 26 13
13 29 44
66 34 87
69 93 68
0 81 40
63 89 48
69 21 55
16 50 31
49 50 18
49 4 39
88 94 31
78 4 45
6 98 9
27 6 3
79 47 2
71 31 17
31 18 14
44 51 35
34 50 49
75 83 83
76 37 63
67 23 12
31 43 21
40 81 90
78 99 65
37 75 56
15 58 84
26 86 71
29 84 68
11 29 75
85 64 88
83 66 48
99 54 77
18 56 20
13 94 33
95 57 73
92 13 55
35 24 21
99 5 45
7 31 91
50 16 68
92 18 65
87 26 56
20 55 24
93 98 51
77 11 13
46 75 34
31 88 72
23 90 14
85 32 97
5 27 75
13 18 16
89 40 65
20 78 53
75 13 37
59 57 98
38 68 12
18 77 26
57 9 75
64 54 6
57 33 93
70 2 10
26 79 47
64 6 30
63 7 98
2 50 92
95 71 22
46 39 24
53 63 30
72 77 22
77 98 80
86 96 74
22 92 44
6 83 36
39 14 42
78 34 48
47 2 83
3 10 61
53 81 35
66 11 46
91 23 9
30 86 81
9 43 86
22 95 61
64 36 28
69 33 86
14 35 2
82 26 38
87 55 34
84 31 74
24 29 26
6 60 95
19 81 80
10 80 58
72 61 2
44 81 57
38 51 15
20 32 73
75 65 30
87 85 40
50 94 90
94 84 9
44 46 47
14 61 13
50 56 53
76 66 32
27 83 7
84 69 81
97 49 19
30 17 22
17 12 91
92 4 8
69 1 96
3 94 28
31 81 4
56 55 65
53 51 98
90 9 7
15 89 53
13 30 7
9 15 30
54 28 87
7 63 85
85 65 25
18 70 15
3 24 98
20 41 60
23 71 73
24 73 44
80 4 83
26 59 87
36 98 84
18 46 75
81 50 15
51 37 97
18 52 8
50 82 92
56 62 4
31 27 82
18 87 44
75 1 50
21 73 31
45 26 7
48 96 19
21 71 33
34 1 82
38 41 11
29 68 54
17 40 92
14 39 99
81 39 33
60 30 64
52 50 10
73 53 35
96 56 92
63 3 72
56 23 56
49 22 26
57 59 82
93 80 52
86 38 68
15 85 39
41 6 34
52 38 88
11 19 75
73 69 12
99 92 85
61 33 47
9 78 26
54 33 67
17 5 11
10 4 54
16 48 46
56 92 98
90 7 22
77 55 67
39 94 28
30 89 48
34 97 48
87 95 16
66 84 60
39 93 99
55 80 69
2 87 39
21 62 21
93 58 42
36 46 30
19 32 53
92 58 63
69 12 87
50 9 39
78 63 57
69 51 28
81 1 81
17 20 48
8 55 61
16 97 93
41 69 31
14 8 86
83 0 42
12 94 22
10 83 53
56 46 30
68 28 74
80 75 32
9 2 50
80 96 43
35 47 22
45 95 54
49 31 30
84 16 10
77 96 78
0 29 54
69 72 77
5 17 27
9 81 7
27 14 43
38 32 85
60 39 39
68 20 92
57 83 62
6 94 48
70 91 81
98 80 92
69 41 9
87 88 78
15 88 41
76 4 57
47 80 28
39 57 92
77 99 51
53 94 20
11 45 80
68 50 87
99 20 99
73 99 82
92 17 5
84 32 23
98 32 45
74 37 95
51 77 94
95 14 30
27 42 17
76 56 73
67 26 25
98 54 2
57 27 89
16 78 88
52 89 95
73 4 83
21 31 41
44 39 40
57 1 6
38 58 54
23 15 7
54 99 24
96 72 37
19 74 11
52 53 99
73 36 13
90 14 96
22 81 32
51 15 63
94 79 7
76 82 32
30 23 28
22 86 42
36 70 39
24 66 79
73 92 2
18 89 96
21 11 44
15 30 20
76 38 81
88 84 41
34 7 19
29 99 62
96 62 26
2 49 69
64 68 15
85 23 48
68 23 81
33 78 9
56 18 41
27 17 99
54 15 74
91 10 75
13 84 52
90 25 41
41 28 54
45 77 56
55 61 28
41 77 58
70 53 93
48 44 4
22 27 76
68 31 66
8 18 48
63 73 51
53 96 10
43 58 1
61 10 56
52 10 73
91 19 83
54 3 88
46 38 35
22 33 18
57 28 3
49 12 50
5 0 12
93 61 18
32 72 29
82 58 44
49 24 85
24 89 73
5 12 45
94 77 85
49 82 28
6 36 44
87 20 72
42 68 95
49 75 92
54 10 27
58 63 9
62 22 13
28 87 83
45 24 84
19 94 28
85 80 76
38 37 60
17 50 92
88 36 37
92 53 59
35 33 78
52 78 47
5 34 85
34 25 11
49 70 79
58 19 20
18 78 15
61 55 27
32 21 70
36 78 4
74 99 24
70 88 55
84 72 7
10 81 9
13 54 36
46 95 44
64 8 74
39 67 70
80 99 77
73 93 32
63 65 30
88 34 50
64 71 54
17 85 24
83 67 66
68 96 75
96 4 84
20 98 13
57 71 69
55 41 54
4 36 12
7 23 95
11 99 18
11 87 42
7 9 78
95 10 78
26 23 87
6 97 95
67 84 39
71 27 70
5 49 69
63 58 14
85 91 13
54 37 1
28 75 56
99 87 88
14 12 30
24 10 3
84 54 42
65 62 35
82 69 92
97 3 93
96 98 56
71 90 62
30 15 66
81 10 33
86 55 24
81 42 61
40 66 10
47 78 74
76 97 60
96 71 24
83 81 80
96 10 12
95 29 92
32 12 66
29 77 99
44 47 59
4 54 20
37 40 17
52 60 49
18 97 24
12 40 53
40 72 57
67 90 69
63 27 51
94 45 53
27 58 41
9 10 31
34 57 98
81 29 92
45 9 56
92 5 26
92 62 88
49 8 58
10 2 46
82 50 3
1 71 52
53 84 60
45 82 98
79 30 42
55 83 85
12 8 60
15 45 8
7 0 59
76 9 74
84 99 6
82 34 73
81 63 44
43 97 50
98 66 51
97 46 97
81 18 90
87 37 24
75 60 16
9 19 95
69 77 49
6 82 13
63 15 24
89 11 93
83 8 71
20 10 14
88 87 48
66 14 92
90 66 96
2 15 7
75 61 80
57 87 7
30 7 51
32 94 29
15 23 26
19 63 79
45 63 10
75 46 14
51 72 38
0 3 61
57 15 62
5 84 70
58 18 84
85 79 54
85 12 44
29 33 78
35 87 70
1 90 65
40 95 46
18 2 6
8 19 2
39 6 45
57 31 23
34 27 99
49 83 7
80 3 87
32 83 66
89 68 81
51 48 61
66 9 35
83 56 34
56 72 77
36 16 22
91 31 71
0 52 72
99 68 61
7 43 44
99 45 8
76 96 67
66 92 74
54 46 36
93 27 79
98 87 34
80 8 18
59 29 77
64 31 80
67 64 22
60 3 27
35 97 87
97 54 96
72 44 95
24 40 10
24 5 45
20 2 69
17 57 95
82 93 66
24 34 1
59 70 40
62 77 91
33 63 62
23 16 21
18 69 15
61 53 78
35 6 51
96 5 43
48 22 34
91 22 97
67 5 43
58 20 29
76 64 29
20 24 67
78 14 27
30 56 58
71 41 5
70 83 79
12 61 99
30 83 12
23 95 36
0 25 3
51 79 3
50 97 38
50 35 15
78 9 67
56 75 1
54 67 29
47 97 97
97 89 87
15 39 67
54 32 43
43 35 82
4 29 71
65 72 35
77 19 46
76 25 53
69 29 77
32 99 5
42 4 37
22 1 60
30 35 27
82 23 5
76 1 80
94 85 72
39 60 91
14 63 65
60 85 26
83 60 75
81 83 11
41 43 58
17 83 36
82 70 50
23 93 39
64 39 92
46 22 97
4 57 49
15 17 76
23 31 74
53 66 17
9 16 95
83 53 78
48 63 87
24 43 46
50 12 15
52 26 44
78 12 83
58 89 2
16 85 77
23 40 28
40 6 69
23 13 21
9 50 36
11 43 56
62 48 59
90 32 41
19 75 94
99 1 82
0 64 36
74 38 82
90 29 9
13 41 23
50 23 68
92 45 19
84 3 89
99 11 32
66 49 78
78 52 73
80 34 71
67 18 37
7 85 3
63 70 98
93 11 65
3 12 83
22 32 77
32 41 12
88 16 39
40 21 92
51 92 90
97 66 51
77 3 31
11 74 20
87 79 41
70 36 91
45 71 40
96 75 82
93 35 37
24 75 73
10 33 56
21 29 55
84 83 44
95 89 58
98 68 73
9 48 67
22 11 97
67 68 60
88 25 89
76 12 87
52 30 30
95 36 59
65 25 52
73 37 52
7 91 61
84 25 37
14 29 64
27 37 72
42 61 70
40 59 95
97 8 80
50 72 63
14 9 69
86 18 37
54 85 30
78 45 99
64 74 79
94 16 26
57 94 27
10 69 62
20 42 97
54 38 18
66 24 13
32 57 87
32 27 84
48 80 64
91 54 19
65 81 80
77 91 96
94 54 29
7 44 61
51 30 59
77 50 7
79 35 31
71 46 4
59 78 47
23 79 3
85 14 47
32 78 3
85 18 34
5 82 98
81 30 84
72 45 15
78 56 93
64 65 10
2 30 44
94 39 33
78 36 25
89 74 20
64 25 22
44 49 30
72 1 38
19 14 32
47 59 95
55 3 31
21 82 7
48 19 75
85 97 19
48 37 16
20 60 94
81 44 34
24 63 20
74 98 6
92 56 77
75 48 5
73 91 18
36 47 86
51 3 22
72 80 74
9 41 20
34 3 1
76 15 33
13 80 56
66 46 18
37 92 50
54 80 99
57 3 83
46 6 49
71 93 15
11 66 10
65 4 95
2 5 33
21 76 76
19 48 56
68 11 53
41 49 50
19 20 59
64 45 7
73 74 19
1 4 21
36 52 86
57 16 36
15 36 66
56 76 35
94 19 35
48 73 96
2 20 79
41 15 46
61 60 43
34 43 91
56 51 62
83 45 49
40 2 61
53 6 49
74 2 92
78 19 42
98 86 59
11 75 7
89 63 45
80 89 5
21 20 97
25 9 50
23 80 79
50 28 29
17 13 93
31 77 82
13 9 85
74 46 27
85 87 35
2 59 53
97 35 10
52 32 70
97 84 37
82 62 75
2 61 48
31 76 1
76 73 54
81 75 66
51 0 36
10 71 6
68 45 42
39 20 73
81 90 63
17 53 82
10 16 78
52 59 37
69 11 9
61 66 21
39 42 66
94 56 83
33 15 69
80 23 20
25 65 55
14 86 1
93 37 65
70 38 40
95 91 45
84 27 96
99 80 6
62 18 14
10 66 30
17 60 14
3 15 86
57 43 6
13 24 10
24 85 1
64 98 40
51 53 77
5 3 17
28 79 40
70 77 11
29 69 32
3 72 17
95 18 75
75 77 36
93 68 90
77 44 4
92 77 35
18 61 51
5 76 29
37 22 59
66 57 14
79 8 70
5 67 93
24 32 84
33 79 64
2 99 60
60 14 78
94 62 4
0 42 78
14 10 30
54 90 17
25 68 31
33 3 69
91 18 18
41 53 95
42 49 88
15 55 33
55 10 31
21 78 50
75 5 29
12 89 90
89 83 40
48 11 25
2 22 85
43 4 34
73 60 25
19 51 91
50 5 43
69 76 17
51 46 66
90 82 15
29 1 51
14 25 67
31 98 24
38 42 23
8 7 98
13 64 39
50 75 10
78 95 58
18 21 3
23 87 36
35 5 56
39 77 18
25 54 64
14 22 47
18 40 47
17 77 75
55 37 99
69 26 64
93 3 21
19 11 98
77 92 61
45 94 37
70 45 96
93 6 36
29 6 44
86 13 20
64 62 73
9 75 19
39 58 40
58 71 17
61 13 26
26 54 69
87 64 95
18 64 8
47 61 85
78 7 52
44 14 2
54 74 69
4 13 1
52 88 85
66 91 4
8 70 91
93 84 99
28 26 75
5 70 48
7 25 70
60 25 26
63 57 36
72 97 32
49 30 49
9 55 15
47 91 45
52 1 88
74 57 37
79 80 89
33 19 1
75 84 65
85 24 81
54 40 34
52 70 18
87 81 22
78 39 43
15 73 61
89 96 77
49 69 50
29 23 95
56 78 3
69 6 5
0 4 33
37 18 3
29 30 21
6 65 15
41 58 35
79 19 56
78 31 37
11 65 31
59 56 69
60 36 67
55 53 39
74 96 36
17 22 47
85 11 84
73 22 71
13 12 91
75 18 52
41 25 94
98 45 51
81 88 87
61 86 56
81 97 88
37 1 9
68 19 54
34 35 86
3 63 13
60 8 30
53 55 4
91 38 51
87 46 74
3 86 87
70 60 31
86 45 2
62 25 29
71 61 89
1 24 7
48 59 39
57 13 41
32 8 80
2 94 62
52 4 98
7 27 41
21 61 99
13 81 19
96 2 15
72 20 59
84 41 14
92 25 68
52 85 52
87 98 9
22 17 20
60 65 2
28 4 86
3 74 65
92 57 6
7 40 23
8 81 33
71 85 43
97 87 24
47 81 7
45 23 52
53 23 75
13 51 2
66 2 5
75 16 58
45 56 34
12 81 60
30 87 55
82 29 96
39 32 5
51 74 59
54 30 90
25 27 78
54 0 13
67 72 20
62 28 9
0 14 90
51 64 9
44 3 61
50 26 81
42 15 58
33 10 14
71 28 75
25 74 75
24 65 16
21 91 3
4 12 86
1 46 39
86 9 42
30 91 7
98 21 88
0 19 26
65 64 39
92 41 88
6 67 31
86 3 88
59 13 64
25 13 83
34 90 59
10 84 99
18 4 99
87 73 41
86 82 50
50 59 83
15 66 16
27 20 74
27 25 15
73 48 3
16 2 1
67 17 18
69 91 57
73 50 15
10 45 8
95 28 5
89 48 36
57 52 13
91 3 23
68 10 94
63 31 69
53 60 60
59 52 19
62 46 98
15 96 65
26 65 94
79 85 50
44 80 27
74 35 42
32 17 76
8 53 59
23 59 55
85 39 26
85 95 74
42 59 76
65 1 44
29 47 59
4 78 66
87 28 19
52 11 27
88 98 29
51 44 54
90 60 60
77 95 70
4 50 36
66 51 63
87 33 56
11 69 61
47 94 45
26 89 4
70 22 73
69 47 35
19 6 49
49 15 56
87 65 44
49 80 77
81 92 85
64 52 40
94 55 14
71 74 75
12 4 22
0 98 68
96 84 35
35 71 54
10 26 99
16 57 98
44 59 14
48 89 97
83 12 17
93 34 50
51 58 49
36 3 82
58 77 85
66 81 40
15 77 94
4 44 9
96 53 74
37 70 44
35 89 41
70 40 43
93 42 72
86 15 76
89 67 61
24 71 52
32 14 10
76 67 26
4 25 76
2 14 51
58 5 92
74 97 42
29 36 58
8 50 79
57 93 90
67 32 2
83 17 39
85 61 11
43 15 65
4 42 48
20 64 86
30 93 32
39 53 9
73 51 65
0 27 61
89 93 56
36 88 83
91 69 12
55 79 56
81 45 12
35 91 42
90 0 12
36 42 93
21 80 92
39 50 51
90 17 73
30 70 2
91 29 78
87 94 91
79 84 74
78 21 64
39 74 64
37 81 12
30 46 74
12 47 73
41 71 92
19 23 71
63 72 58
17 80 54
93 66 15
25 34 94
47 58 67
5 60 49
78 3 39
61 87 72
45 99 58
80 94 75
83 22 47
33 22 86
12 58 57
95 43 22
28 18 66
32 81 14
54 77 58
44 88 17
54 16 73
54 20 43
78 17 39
79 15 41
29 58 79
27 96 64
41 74 28
31 26 37
92 87 42
79 71 36
50 79 51
20 58 66
52 23 52
1 93 48
47 17 56
37 58 65
58 3 61
93 96 9
9 80 57
13 58 77
17 88 37
88 48 45
67 47 95
89 97 86
3 57 13
33 45 23
26 42 87
42 67 56
37 60 44
57 4 26
98 33 15
58 79 95
39 99 91
65 11 36
52 83 93
98 2 55
83 59 85
91 61 96
76 29 77
21 64 36
73 56 20
31 83 50
19 97 14
70 93 26
31 97 72
81 47 6
97 82 87
24 39 88
99 39 36
37 20 76
37 51 22
59 94 79
9 88 7
72 34 44
88 13 97
59 79 26
12 43 44
60 56 53
75 39 50
31 9 57
28 27 13
29 26 97
53 91 43
47 76 54
35 61 42
96 63 46
76 18 93
2 55 10
86 95 42
18 12 2
74 85 40
51 36 35
98 90 27
6 7 68
58 55 73
94 36 52
30 95 23
51 80 25
69 97 69
99 72 77
47 36 18
9 3 11
25 81 80
79 1 26
90 71 66
11 49 89
77 36 5
35 16 55
90 67 32
7 37 79
29 59 75
53 26 32
76 49 77
8 71 40
67 10 15
30 21 94
97 92 77
5 86 95
63 61 68
62 93 50
58 47 62
61 36 35
83 24 20
62 24 4
98 73 50
35 29 40
11 73 57
78 66 30
77 74 79
83 65 55
13 56 1
97 91 50
70 26 70
20 8 91
83 99 22
44 24 73
18 36 70
22 0 78
54 82 62
65 95 7
49 62 1
88 4 18
36 93 28
77 45 28
14 16 66
25 55 37
33 60 66
92 88 6
99 37 61
66 76 15
56 93 10
22 84 30
30 61 96
56 0 54
73 39 94
16 96 41
60 48 23
51 84 95
29 42 94
10 23 71
30 73 2
59 6 35
52 7 79
7 89 56
89 79 70
1 88 31
42 76 32
93 32 74
60 2 45
11 79 87
94 37 17
2 54 4
59 89 70
3 85 81
10 21 60
81 35 82
45 96 98
74 40 94
43 49 60
37 47 85
60 95 62
9 70 26
21 35 61
35 32 35
87 11 39
2 52 87
22 58 71
75 92 19
39 19 41
88 15 46
30 20 83
64 37 38
61 51 20
25 99 51
11 92 69
25 43 80
37 95 41
26 0 17
2 71 30
95 48 96
74 9 79
98 4 65
79 77 7
97 22 20
53 31 32
78 26 9
26 61 59
95 6 12
53 7 18
2 18 64
64 3 67
50 34 1
49 19 18
77 2 71
77 15 66
80 47 36
66 40 22
22 76 20
18 93 44
61 24 80
38 7 36
48 8 7
66 83 81
82 80 69
97 73 80
92 64 48
22 19 69
86 81 71
87 53 95
91 99 79
62 79 41
82 48 25
74 34 90
49 17 50
56 20 63
16 13 71
84 10 33
45 85 91
40 19 19
71 24 7
28 24 72
99 88 67
43 22 61
26 40 60
55 12 74
17 9 46
53 71 52
97 90 81
80 90 26
56 95 47
42 43 98
95 76 61
22 77 88
78 93 50
71 53 41
60 19 69
24 74 61
15 56 18
62 67 58
2 92 51
67 40 77
98 96 38
85 55 69
11 54 63
68 89 11
28 85 66
67 24 69
54 24 16
23 36 48
90 1 57
95 32 75
20 1 25
88 41 66
10 29 84
59 12 97
52 29 3
49 57 65
33 93 58
86 69 88
84 0 91
18 51 83
48 1 60
55 59 14
22 87 5
26 56 68
12 96 63
16 71 98
13 62 63
71 33 13
43 24 2
63 19 63
82 13 28
66 19 28
82 20 79
11 41 50
89 24 79
23 8 10
23 2 65
63 34 59
56 81 17
58 68 51
11 77 44
24 78 88
35 57 11
88 79 83
90 80 87
48 54 7
98 72 62
21 67 19
65 87 12
85 67 62
3 42 71
98 46 31
42 18 74
73 81 52
68 0 37
44 21 23
55 63 43
86 97 52
4 43 21
85 77 42
22 72 43
92 28 90
89 36 67
8 51 56
44 72 50
6 64 44
89 26 86
42 6 4
89 64 32
60 43 83
4 10 29
90 99 27
45 90 37
22 53 24
31 47 47
23 32 47
82 88 63
53 2 79
1 33 29
71 50 58
51 93 55
71 47 33
39 33 99
31 3 14
30 82 45
55 32 20
99 65 6
72 21 48
91 82 86
78 85 46
22 3 22
3 27 77
5 20 73
89 80 85
12 42 14
71 32 26
69 95 14
53 47 95
19 96 60
88 85 35
55 25 66
33 96 73
42 37 54
13 27 63
28 98 85
34 78 72
46 27 74
61 30 79
93 79 83
16 88 9
65 19 35
95 97 11
66 82 5
45 44 96
17 31 54
96 17 94
30 11 14
89 99 53
15 80 56
28 53 67
72 56 66
62 58 92
80 42 10
98 40 42
96 54 61
5 92 7
39 66 6
24 98 99
14 44 29
82 94 56
65 44 57
22 44 73
32 10 17
59 19 13
50 46 55
32 95 52
53 25 43
42 25 42
31 34 20
91 4 31
30 90 14
83 85 3
25 12 66
66 16 99
58 26 16
15 67 83
41 1 11
10 56 35
94 53 24
3 5 65
13 68 65
49 0 22
87 35 75
97 5 78
94 14 31
92 72 97
76 28 97
5 30 98
52 87 7
0 26 21
4 20 7
1 28 61
99 62 79
38 44 74
30 24 14
17 19 42
40 4 64
80 5 78
42 19 84
97 94 64
10 20 5
35 19 48
49 66 30
13 98 53
2 47 88
91 58 52
94 30 73
54 56 66
36 66 47
62 57 15
44 36 83
11 67 66
37 69 84
73 68 92
90 75 1
17 25 1
10 8 87
80 1 21
3 17 96
71 92 35
78 64 46
52 51 56
20 11 3
0 41 26
55 49 96
1 9 85
68 55 70
72 35 51
46 50 98
52 76 62
61 72 51
73 31 28
40 38 70
95 13 65
94 35 93
45 60 39
73 6 44
46 70 88
39 9 90
19 37 97
35 1 38
22 59 12
7 13 37
37 34 51
21 88 63
40 30 53
5 41 91
53 21 39
78 11 85
96 14 12
16 6 1
45 5 60
79 78 84
59 11 34
85 35 95
97 83 95
14 56 50
79 24 45
19 69 55
99 63 50
99 53 25
85 60 90
42 51 40
0 13 60
28 43 34
40 32 35
25 0 58
40 28 51
17 91 68
36 10 60
81 8 94
69 53 87
31 5 70
1 35 70
51 69 48
7 79 35
65 93 19
80 36 16
12 34 96
94 61 17
30 65 34
19 59 74
92 86 12
45 8 89
34 79 38
69 59 13
62 98 60
39 26 8
59 34 21
41 36 81
88 59 83
87 50 74
91 28 65
80 15 64
13 19 62
61 54 23
9 49 49
25 47 56
56 86 22
86 60 20
21 43 52
67 41 24
29 37 71
95 46 49
20 75 2
5 65 23
3 13 12
43 11 62
50 36 90
58 53 9
83 80 13
33 85 21
72 41 38
36 79 46
71 42 83
63 4 29
34 46 89
59 20 99
43 52 41
7 82 61
80 57 30
34 60 21
90 85 96
59 22 91
43 39 79
99 70 37
18 22 23
29 12 66
18 63 73
60 37 1
35 72 71
10 14 47
25 15 48
89 7 26
50 4 11
29 57 50
7 21 73
58 98 12
46 65 23
10 18 18
81 5 53
43 20 24
78 86 77
59 68 88
55 5 8
45 51 4
37 43 97
64 19 67
70 71 48
76 52 36
43 81 8
24 87 58
60 44 42
7 67 44
18 58 12
42 41 20
25 96 38
5 90 31
26 6 29
11 51 98
38 50 66
40 63 94
58 99 89
31 6 16
66 42 19
85 68 61
64 15 27
83 94 75
75 55 65
82 30 63
54 50 66
24 33 62
33 27 10
34 16 11
41 66 10
18 39 60
64 38 78
6 24 70
41 72 78
52 16 37
35 53 50
8 84 92
94 1 76
11 95 68
28 76 43
61 46 37
13 82 85
30 42 47
7 8 98
34 63 77
57 78 1
74 22 32
78 59 55
0 20 6
45 86 10
20 16 1
75 54 77
90 8 16
83 91 45
49 97 32
26 50 54
17 38 7
69 98 44
88 93 45
0 74 98
51 76 23
2 25 48
8 36 63
47 57 14
82 87 55
27 47 41
72 81 37
1 95 59
26 1 45
27 16 96
72 66 30
38 15 77
39 4 64
34 32 63
22 31 9
5 22 73
15 90 70
13 99 16
23 44 79
50 2 12
15 59 5
35 10 36
33 38 26
10 53 23
50 91 19
57 44 35
28 22 54
41 75 18
62 41 85
81 65 72
26 46 53
39 71 2
73 67 29
26 81 10
85 72 11
36 35 51
20 33 88
24 80 72
77 47 56
18 29 96
46 35 91
72 57 45
75 96 61
9 54 63
15 98 3
71 49 97
60 74 21
0 85 21
31 52 2
44 6 60
47 45 34
40 92 42
83 26 82
9 58 35
88 65 22
64 57 49
49 89 5
74 15 90
34 48 12
99 89 47
8 40 67
66 25 52
42 16 22
4 46 59
58 72 67
10 75 11
23 30 22
63 95 93
46 41 42
45 55 95
32 70 51
41 76 67
85 99 96
66 86 7
52 35 72
94 43 76
49 58 87
90 4 51
46 45 81
61 67 56
55 97 21
51 8 26
92 0 38
69 74 25
93 54 8
59 71 68
87 57 20
51 14 63
77 48 1
87 22 64
76 62 70
30 26 86
86 92 14
29 72 62
72 78 96
86 46 63
15 46 66
10 15 30
24 11 66
55 9 54
75 80 82
80 32 7
64 35 39
29 27 91
9 74 61
22 45 78
12 9 14
65 21 91
4 87 13
93 5 34
95 73 8
99 21 21
27 24 79
45 12 53
53 82 55
14 31 77
65 18 16
82 39 92
32 97 89
3 61 79
97 12 70
88 17 74
17 65 55
48 91 8
49 81 39
87 72 70
4 51 54
83 31 66
87 10 64
29 10 17
65 97 86
19 4 56
80 6 76
53 32 45
92 94 50
89 0 49
81 99 56
80 7 26
35 4 7
14 51 8
74 6 25
9 83 51
14 84 79
1 83 17
52 31 82
51 56 52
42 17 81
61 38 65
38 93 62
32 47 94
66 93 10
50 21 85
79 53 61
47 79 29
76 93 76
95 78 37
72 19 18
53 69 73
32 51 17
39 51 76
33 75 61
17 59 54
89 32 61
14 45 97
57 86 96
24 36 28
9 53 31
15 60 38
49 61 81
7 49 61
14 49 65
11 62 79
73 49 82
11 46 38
80 88 91
12 11 38
8 92 51
56 52 89
47 20 96
83 10 44
42 28 38
91 49 45
89 76 52
69 61 66
38 23 30
53 56 28
72 83 93
92 32 46
57 79 55
30 99 17
8 56 30
53 95 92
72 92 92
17 36 3
29 15 95
56 39 73
20 40 6
64 87 38
3 4 59
30 64 60
31 24 12
98 35 63
28 14 67
63 38 41
70 58 77
26 77 41
32 75 74
47 39 47
94 44 76
5 80 91
29 63 84
24 64 46
51 31 53
24 58 87
12 83 35
46 87 68
38 9 38
39 12 75
88 29 86
18 55 90
33 74 9
14 76 74
91 50 18
44 27 26
91 11 14
80 91 62
16 26 88
85 19 28
23 70 84
42 60 46
93 88 6
70 27 20
80 76 11
38 62 69
83 13 4
72 67 1
76 34 25
4 28 31
48 82 22
69 2 65
56 85 59
43 26 90
15 13 61
94 3 77
61 95 86
17 42 95
77 80 89
23 3 11
0 79 88
59 54 60
28 68 9
48 66 83
35 17 9
22 60 16
85 9 97
66 36 94
52 94 85
92 70 68
83 33 13
88 78 92
62 23 93
43 95 39
53 17 73
81 6 81
87 41 10
58 4 87
69 58 37
29 97 78
27 79 55
44 89 24
47 16 87
23 52 25
39 37 67
87 76 31
86 42 76
65 31 31
9 4 37
41 35 16
60 93 45
8 23 30
46 33 42
70 1 80
48 77 66
39 52 15
85 50 12
22 7 15
61 48 35
53 54 9
19 93 34
55 8 75
51 81 13
20 49 14
87 97 51
13 10 20
66 21 20
76 42 10
78 76 77
86 68 17
47 34 5
26 36 9
1 21 1
49 95 89
90 42 96
95 86 45
81 46 62
31 96 9
1 26 89
86 8 50
26 31 58
56 54 21
54 26 18
95 94 99
15 76 6
36 89 36
47 72 74
21 65 83
76 80 47
54 93 70
61 39 81
60 66 54
53 4 79
84 89 82
89 91 73
49 90 90
59 17 31
85 7 23
90 53 60
5 8 50
60 70 52
68 81 80
35 51 53
92 97 17
42 14 95
80 13 34
28 73 78
88 33 72
31 59 68
77 17 89
13 45 74
63 17 21
93 22 69
21 70 23
14 78 47
18 73 21
79 42 10
3 14 58
68 17 50
77 62 31
10 5 84
7 10 84
57 45 53
16 74 90
45 72 62
96 16 97
40 62 40
56 5 31
5 35 84
79 86 77
24 8 49
88 80 35
2 48 40
41 55 40
70 56 22
21 22 70
50 92 96
43 45 48
97 53 68
96 35 97
25 42 28
58 34 80
18 49 41
68 58 68
70 12 3
56 36 9
80 29 82
42 40 16
76 19 16
5 24 12
88 30 64
55 33 9
3 48 11
91 52 96
36 99 76
23 97 83
20 99 63
4 84 68
60 89 15
14 93 26
53 64 85
68 64 49
12 90 88
43 40 54
16 68 90
47 5 48
76 39 22
86 31 52
58 49 33
57 48 48
2 66 94
86 87 39
6 99 16
26 84 75
15 0 29
82 0 27
84 75 1
72 46 93
83 89 75
91 5 71
41 11 7
48 13 89
80 14 86
52 93 77
75 86 80
49 87 66
73 95 83
96 33 97
67 49 37
98 7 3
6 29 81
87 13 77
44 4 1
56 43 48
39 21 6
4 21 97
12 78 5
68 88 97
5 28 73
23 88 57
25 95 84
71 39 81
60 34 46
17 66 6
59 53 71
69 56 30
61 5 29
72 42 32
68 62 69
18 30 73
15 37 12
11 64 64
23 51 96
51 9 86
1 98 56
21 8 52
93 10 51
47 18 41
86 67 51
54 60 46
12 80 54
2 51 79
8 97 68
85 27 24
30 9 79
5 39 31
32 73 36
30 28 54
92 6 14
21 83 31
53 50 13
56 19 38
17 61 41
22 25 43
69 50 62
74 20 63
27 36 43
92 65 72
7 59 24
56 50 17
16 45 45
87 82 41
31 10 8
70 59 49
1 20 98
33 68 10
16 87 37
49 94 59
68 65 34
69 67 21
16 9 10
20 79 41
48 75 58
40 84 18
94 65 67
52 71 25
67 60 88
32 80 57
87 4 95
91 85 24
24 90 52
71 17 61
85 38 99
77 69 87
63 11 60
88 62 49
61 65 87
22 94 53
68 63 23
85 13 37
11 37 21
95 53 48
97 95 99
71 21 15
85 43 82
7 34 90
84 92 9
63 32 51
84 86 70
25 16 49
68 79 99
15 7 79
54 11 88
25 24 41
35 80 84
68 54 3
9 63 5
1 65 90
40 15 5
8 11 27
61 96 62
38 61 75
19 27 54
36 9 64
48 38 35
54 49 97
31 37 79
26 34 31
36 31 83
45 37 13
23 17 28
2 58 32
30 76 25
10 3 17
17 74 16
91 33 78
62 10 82
13 89 60
90 59 8
18 38 66
73 9 93
40 87 60
2 64 8
95 21 19
91 80 50
2 90 20
69 86 50
54 14 90
7 6 9
18 76 51
4 61 77
22 82 30
15 18 40
92 2 76
3 55 34
9 8 2
30 6 95
33 46 66
7 51 99
37 94 3
84 94 84
34 6 50
20 63 68
62 8 40
78 25 27
7 42 66
55 90 39
60 45 20
74 1 6
64 99 48
72 13 20
27 55 74
79 98 22
33 29 88
61 25 72
23 69 47
54 51 78
19 46 32
25 73 7
33 69 24
2 28 97
98 75 2
6 69 42
76 84 29
70 82 47
6 28 55
58 44 92
78 68 30
14 24 3
59 25 4
41 82 91
56 91 18
99 19 20
2 91 2
84 11 7
86 22 59
76 16 6
92 16 38
69 99 53
80 87 52
73 70 3
30 77 23
82 65 61
70 23 23
56 64 75
70 68 72
89 2 90
47 8 4
53 33 27
16 32 19
91 79 59
99 77 56
72 49 91
32 2 73
82 15 6
23 41 94
62 4 14
10 89 75
51 40 31
67 74 65
34 47 81
37 96 23
9 24 12
84 91 36
58 80 78
50 73 80
34 24 8
91 40 65
6 70 11
2 93 18
98 38 98
60 24 89
91 6 78
57 36 73
61 3 44
58 17 19
46 49 90
37 6 33
43 37 32
65 29 35
84 87 79
57 68 19
84 62 75
61 76 38
22 49 84
49 54 12
40 54 72
7 62 2
9 77 83
72 88 69
0 6 66
85 0 8
70 28 16
25 51 14
9 86 88
67 7 12
0 1 88
86 66 53
83 49 67
21 45 45
35 44 99
22 14 44
75 87 60
76 6 27
75 24 78
60 5 32
76 31 95
22 16 90
69 22 64
0 40 46
22 12 91
33 42 42
38 31 60
37 84 34
86 84 59
45 79 68
55 17 80
14 23 6
27 21 45
86 30 6
66 12 66
87 84 48
86 53 81
66 98 74
0 56 86
69 96 8
2 37 58
34 12 95
69 70 81
80 81 62
32 37 63
2 40 35
88 61 58
9 26 80
81 62 75
48 36 39
81 58 34
63 25 30
61 22 69
0 55 56
96 89 69
53 67 8
17 4 96
15 75 12
45 10 5
28 40 38
51 18 90
71 26 78
65 34 5
73 17 35
6 20 60
88 83 91
28 61 74
9 66 3
15 41 29
13 23 60
44 37 81
95 30 90
16 86 4
1 22 69
29 93 17
3 60 5
34 11 61
14 88 56
93 51 42
80 38 49
88 77 21
26 88 39
43 62 62
84 13 48
89 27 73
69 25 57
6 10 61
5 63 8
85 49 31
69 28 30
13 52 21
67 61 31
66 8 66
72 40 72
33 48 14
1 29 18
73 42 81
8 1 4
70 54 75
52 2 70
46 7 50
49 27 18
68 46 65
60 68 27
81 93 77
9 52 40
80 62 64
81 28 86
25 1 44
92 22 78
97 98 95
68 74 4
24 70 2
93 89 52
67 55 8
53 45 51
33 62 23
92 19 22
8 77 70
93 55 49
83 35 37
47 43 40
12 27 13
27 57 40
38 59 86
0 82 69
1 12 6
89 4 9
69 62 16
2 24 92
24 27 81
38 53 74
89 90 17
23 39 48
4 41 76
33 21 53
29 7 94
11 31 24
26 2 38
18 43 21
28 88 40
20 72 64
6 22 83
99 59 38
46 51 8
4 56 75
87 25 1
44 66 53
66 17 91
37 50 34
17 6 97
31 66 4
79 16 13
66 56 54
37 13 95
71 69 13
84 81 39
54 27 54
35 73 15
41 8 69
24 44 50
63 86 27
74 49 43
55 87 75
88 35 67
83 90 16
69 10 65
96 50 59
32 43 71
90 94 10
5 23 87
72 86 66
72 36 63
42 7 13
75 53 1
21 97 16
20 19 55
37 4 69
92 42 98
34 94 63
16 65 48
76 65 99
58 66 77
60 16 52
7 26 78
3 20 87
25 26 37
1 48 95
58 8 80
89 58 63
67 83 16
91 14 15
82 36 50
7 28 32
16 80 41
97 41 98
71 86 26
27 63 69
26 16 49
54 13 29
55 62 37
71 82 63
51 32 47
40 20 22
49 76 60
84 5 91
83 74 17
7 77 42
3 7 24
54 22 52
19 83 70
97 99 1
47 14 6
61 83 21
46 58 27
90 74 19
38 92 55
88 22 60
27 86 97
55 13 53
70 61 15
20 62 39
94 27 98
96 28 28
85 66 51
43 12 62
67 36 53
60 94 39
11 57 17
23 92 92
48 12 28
8 98 24
55 95 25
75 71 55
92 23 59
74 42 93
22 56 37
95 65 11
13 35 89
73 12 78
27 40 11
55 14 77
14 95 3
31 0 94
89 18 25
13 47 36
4 32 89
7 30 14
16 47 16
83 82 75
37 73 16
82 37 27
51 2 74
60 42 43
5 96 56
41 60 79
4 49 88
60 72 3
82 4 9
8 43 24
74 94 7
12 21 33
2 38 6
22 39 7
73 79 83
67 85 99
27 94 8
0 30 97
96 13 55
69 37 81
27 10 91
32 18 85
47 98 81
19 62 21
46 17 41
52 36 52
98 9 62
96 26 80
36 77 2
10 62 26
35 13 8
72 85 20
7 11 93
16 0 13
32 91 59
66 72 49
88 28 10
20 66 80
22 37 76
23 9 43
32 82 69
12 22 15
83 11 37
99 12 69
58 23 24
51 7 74
77 22 20
17 69 19
19 66 9
28 19 39
93 70 54
40 61 36
19 13 68
94 64 57
94 60 57
10 86 8
54 84 97
60 1 23
17 26 6
36 64 82
92 76 91
8 41 75
89 71 7
89 6 85
48 74 90
60 29 49
80 43 34
79 20 94
24 83 42
47 3 26
82 2 96
39 96 57
71 96 12
62 45 64
42 1 42
8 74 77
67 46 80
41 86 98
61 12 24
35 27 62
17 98 25
77 14 17
40 58 93
20 71 49
27 80 91
46 42 72
91 26 11
46 32 35
9 35 49
39 30 70
68 75 10
11 34 44
23 75 39
19 45 81
97 64 5
55 23 72
59 77 23
66 43 81
14 64 29
95 58 6
15 47 76
22 63 69
99 74 22
69 40 57
58 52 95
3 50 56
44 73 64
5 6 66
34 81 47
76 50 41
46 83 45
24 26 29
89 28 92
23 50 14
35 26 5
61 19 96
13 31 17
68 73 15
11 8 70
98 89 55
49 65 14
44 82 95
45 11 31
99 8 35
20 81 72
61 64 98
17 86 71
29 25 13
5 83 63
81 54 76
31 30 4
41 32 20
16 84 59
77 24 93
57 77 87
45 43 95
64 53 56
91 44 39
49 53 9
13 38 32
61 16 64
40 33 51
56 65 71
71 84 92
54 34 57
53 99 37
38 79 67
69 88 62
20 65 61
62 26 84
45 40 35
36 34 8
70 29 89
13 11 43
20 57 54
19 15 32
40 99 7
36 82 97
84 93 1
48 10 72
22 85 32
75 88 56
58 75 55
45 61 31
58 21 31
59 15 91
19 31 12
87 75 55
74 26 43
93 75 47
62 27 8
2 29 32
8 76 75
63 84 71
54 9 48
48 25 25
96 42 31
22 62 81
46 81 8
34 45 8
42 23 25
4 14 84
9 29 78
5 43 72
67 76 1
64 63 95
51 27 92
35 36 70
97 13 42
26 78 96
9 73 71
64 79 13
22 61 56
10 92 24
73 88 75
23 46 75
77 35 30
88 81 88
23 91 23
87 54 20
11 81 93
13 96 50
44 69 77
80 21 64
7 75 68
27 28 45
2 60 11
79 46 51
91 7 59
23 83 65
37 3 79
64 89 69
11 30 95
29 89 44
34 52 10
39 90 46
15 24 62
37 74 94
83 88 31
84 4 24
70 80 94
16 20 45
99 44 48
93 16 62
56 71 40
57 34 75
13 36 79
65 86 32
39 68 48
11 72 10
69 36 59
42 45 24
94 70 95
81 2 52
27 45 50
68 21 98
23 24 8
96 22 15
74 11 31
74 16 54
46 56 7
24 67 14
40 35 10
52 62 27
30 62 96
78 79 51
52 43 19
82 97 1
34 67 45
19 22 40
35 63 42
54 66 87
40 34 86
54 5 93
24 82 84
44 7 91
16 91 56
47 87 95
83 76 85
19 17 94
70 81 40
62 88 65
25 94 26
67 99 67
2 69 47
74 79 87
13 79 7
14 15 51
3 95 42
48 30 92
78 5 38
51 24 39
60 28 84
54 69 44
98 49 22
41 89 65
13 8 3
86 78 19
75 41 7
93 67 99
89 53 90
38 81 84
47 0 75
82 16 23
88 43 20
59 86 36
8 86 32
96 43 89
63 83 61
92 85 49
24 57 41
24 56 56
27 98 13
1 58 84
83 50 73
83 37 56
34 22 17
74 19 14
71 87 62
0 59 20
45 2 98
42 44 31
60 20 48
78 77 18
14 43 48
31 8 54
67 25 56
90 48 6
19 21 38
64 28 32
69 84 38
26 71 26
53 89 50
11 28 37
16 81 12
40 80 66
6 46 35
42 64 37
35 70 21
70 75 63
94 7 19
87 0 68
90 36 68
76 7 51
41 39 59
99 50 58
15 35 29
76 22 64
4 62 71
18 31 66
67 91 82
41 64 88
40 96 12
4 93 63
57 29 85
25 22 91
0 16 73
26 62 6
44 98 4
13 37 79
74 81 52
13 60 65
93 4 91
19 61 34
37 17 22
2 68 23
66 55 37
2 88 33
35 8 6
33 97 7
39 48 91
31 56 98
86 58 33
59 58 78
10 72 62
70 98 2
75 59 9
1 63 77
41 59 21
37 30 11
7 33 79
9 95 40
47 99 82
85 42 86
95 33 44
91 76 76
33 54 6
93 45 46
50 37 62
82 76 37
84 71 89
61 70 96
84 40 15
11 86 85
65 78 86
85 44 17
24 95 77
22 29 59
10 52 5
46 48 82
52 86 2
2 80 47
38 77 63
88 9 2
58 88 19
77 29 58
65 55 36
87 21 74
47 71 88
67 35 14
65 92 70
43 88 41
92 8 30
78 38 43
28 3 65
91 43 13
79 88 50
1 69 27
13 22 76
83 72 56
41 70 62
1 36 85
79 75 62
50 48 81
37 90 8
66 38 64
56 68 24
31 33 2
66 35 55
90 12 70
63 20 43
0 12 2
57 51 81
96 77 6
95 7 12
19 98 74
72 15 47
14 52 99
74 24 82
46 43 88
58 11 16
18 48 72
8 29 59
55 7 57
88 73 4
30 92 84
43 53 64
27 44 74
64 23 80
18 96 63
3 11 69
84 61 89
92 51 31
96 44 41
54 62 87
12 74 31
8 26 3
88 97 35
50 27 8
63 9 49
41 80 7
81 0 35
28 84 92
2 36 96
96 88 41
69 15 12
48 5 65
93 62 89
89 22 70
72 37 98
31 2 1
22 67 94
57 64 59
3 64 56
0 66 35
19 43 76
78 82 23
80 73 20
34 30 18
5 13 23
11 36 97
11 50 53
50 38 44
72 24 39
44 5 9
18 26 69
16 42 72
60 91 86
74 87 63
56 42 88
0 7 28
8 32 82
64 29 12
76 68 25
94 46 81
23 10 94
90 24 54
90 77 16
87 66 37
3 68 19
95 81 67
96 59 51
89 3 75
35 52 52
91 62 2
57 81 15
52 39 12
63 2 30
28 70 29
8 60 31
78 62 3
40 69 69
19 3 87
62 94 55
61 82 2
28 83 99
8 42 62
16 56 45
67 78 71
6 63 11
39 27 13
10 57 84
98 58 88
67 66 54
67 71 93
0 80 19
48 85 12
12 97 83
32 23 49
61 20 66
66 6 92
67 59 71
15 83 59
43 54 98
58 22 43
81 73 95
84 68 25
31 89 99
93 20 97
5 2 41
8 99 5
94 10 15
82 27 74
21 77 40
47 9 31
45 31 5
14 82 30
83 57 14
21 27 67
1 30 7
24 0 95
84 64 83
36 44 93
42 20 83
53 97 90
3 26 52
27 11 35
92 40 66
7 32 62
18 27 90
8 73 66
17 24 92
96 12 24
22 40 93
8 37 51
14 83 70
65 63 10
52 5 5
33 35 5
65 3 11
94 91 30
98 42 88
85 93 81
60 96 66
27 90 72
46 61 34
28 80 12
94 59 97
83 86 37
36 94 9
88 60 80
61 7 96
47 96 44
62 95 6
60 13 59
33 36 58
11 13 13
94 99 93
87 60 44
4 80 34
17 99 88
75 91 5
60 75 65
71 60 13
74 0 74
13 61 34
0 23 6
71 14 21
36 65 23
60 31 36
93 12 24
79 61 3
68 34 76
47 69 4
38 6 7
10 35 37
19 42 92
13 93 45
66 59 46
35 88 23
24 4 20
52 49 78
67 50 67
16 51 81
72 31 38
3 34 76
52 8 95
75 40 24
99 84 25
52 75 75
40 74 13
56 97 79
61 26 69
58 12 90
20 95 96
60 26 4
56 2 44
76 69 54
25 45 78
95 59 90
22 65 6
68 56 12
22 47 26
3 56 77
94 50 86
96 18 3
14 0 60
96 48 64
7 78 65
2 6 57
77 23 78
7 35 55
84 98 22
76 17 9
32 42 57
63 59 17
4 60 6
37 12 23
80 65 63
0 33 39
2 11 69
36 80 75
93 13 8
98 8 44
53 29 95
15 51 95
30 39 57
6 18 22
59 97 55
14 81 95
73 14 96
64 73 97
1 86 69
98 36 40
84 14 9
15 69 15
79 69 87
26 39 75
98 25 35
71 48 55
92 30 89
60 9 36
75 27 22
30 36 22
74 61 22
43 61 49
25 82 11
8 25 48
92 10 74
41 57 63
22 18 56
65 8 48
60 92 57
13 34 34
86 27 25
74 45 62
24 77 54
63 98 84
53 59 25
77 76 21
21 7 92
51 23 55
15 54 57
36 61 74
31 32 86
6 54 90
36 73 23
82 91 75
0 37 79
80 74 49
98 88 83
2 84 68
53 12 3
11 25 9
64 26 59
89 1 70
8 82 30
43 19 83
75 98 3
23 82 79
8 15 95
1 66 8
55 22 6
98 39 55
21 48 51
3 98 13
57 0 50
26 67 56
51 52 76
68 60 20
39 85 30
20 97 50
57 25 49
96 34 59
45 13 52
1 53 44
31 74 8
70 57 63
44 50 32
88 95 14
78 94 34
7 90 19
50 17 82
72 62 68
6 12 20
54 31 20
33 1 43
75 52 97
16 77 71
69 17 58
21 89 41
83 14 84
80 2 86
22 97 11
56 17 84
97 0 83
77 63 77
43 96 79
42 77 17
80 93 37
49 29 72
87 44 13
59 93 22
95 27 87
87 38 38
43 27 49
11 78 15
41 56 44
89 75 79
30 4 58
99 82 63
71 0 29
53 80 5
55 15 95
99 14 89
18 10 80
40 70 55
75 19 3
65 96 18
41 51 64
3 8 52
6 68 21
25 90 68
50 20 94
91 20 92
85 15 40
81 86 13
89 56 66
76 60 8
49 72 40
33 90 25
5 99 8
12 24 55
12 92 45
7 56 76
62 35 75
97 85 72
94 52 98
63 26 8
3 43 9
28 55 77
44 2 43
72 9 63
80 83 54
91 71 99
46 11 47
57 99 21
28 15 44
71 40 5
21 37 25
66 73 91
77 73 55
60 53 12
79 72 76
66 70 36
71 38 25
5 68 74
50 44 42
44 18 45
6 27 33
96 49 33
84 8 39
48 50 88
8 68 7
27 0 86
94 41 99
45 39 49
46 74 58
10 27 72
62 15 35
78 60 59
55 21 40
7 71 77
65 84 3
75 0 82
90 13 13
14 69 41
77 28 43
67 14 35
48 6 73
88 47 77
11 2 67
82 12 59
88 6 4
88 67 21
81 36 15
69 44 83
41 7 52
10 1 27
96 66 22
86 72 36
34 55 41
61 50 95
51 90 46
42 97 86
96 79 74
64 46 61
12 6 7
53 88 65
99 83 98
91 57 81
89 37 89
97 76 31
59 99 71
92 27 51
21 56 9
70 89 95
72 60 58
32 77 32
23 47 15
29 90 74
6 53 28
58 42 85
50 3 80
64 56 19
52 20 78
39 36 22
84 39 19
27 93 40
34 69 12
22 55 65
28 0 24
87 90 61
26 82 43
46 44 49
69 5 74
2 63 22
56 79 60
71 66 18
81 43 39
35 54 17
62 60 51
6 95 99
85 45 89
84 80 77
40 67 57
34 99 40
35 55 45
79 26 85
88 24 44
14 85 31
91 74 95
60 58 30
47 90 18
36 38 15
8 79 94
89 20 78
30 94 51
57 72 64
54 68 54
94 58 4
75 34 50
26 48 34
71 29 75
59 33 49
99 35 88
10 17 25
13 65 62
20 59 97
37 23 17
97 69 98
57 5 49
44 48 58
48 7 62
24 23 61
68 16 68
88 10 19
75 73 74
2 56 85
37 52 10
96 65 58
3 97 42
27 78 94
35 0 51
79 94 42
33 83 29
90 15 35
90 93 99
8 95 94
17 71 6
5 21 76
4 85 20
19 30 98
29 60 61
2 39 52
62 97 60
14 17 67
77 57 91
12 15 34
91 94 74
51 25 16
30 8 97
59 47 79
92 12 35
77 41 54
73 29 69
25 79 65
84 2 10
24 92 24
17 2 78
46 53 40
35 84 27
97 10 8
25 49 3
98 23 69
75 32 21
41 40 5
18 94 54
5 33 90
93 38 27
76 78 69
32 71 29
46 85 70
10 7 12
10 51 45
73 97 59
98 48 53
91 0 29
56 4 85
72 59 21
44 40 27
28 20 85
5 72 45
73 35 76
82 41 85
66 45 6
77 72 62
13 63 88
8 31 30
8 93 31
16 66 95
55 56 78
7 92 91
80 86 36
57 63 66
43 29 98
25 62 27
67 22 2
91 90 57
44 68 64
89 86 80
58 36 11
56 60 98
9 28 59
89 43 35
1 91 82
2 65 72
23 4 71
97 16 48
93 59 49
28 38 8
53 35 40
72 63 8
54 79 85
59 92 75
59 18 82
71 59 14
4 71 43
42 69 51
62 56 29
57 6 50
21 84 6
21 13 5
5 31 55
36 50 5
83 39 42
67 86 17
15 38 99
8 78 20
39 8 63
43 67 34
50 84 55
6 47 13
91 63 62
26 5 78
85 89 26
34 49 11
48 93 24
98 26 70
44 31 4
36 97 8
28 71 27
94 20 23
26 93 37
91 53 31
19 44 12
24 53 13
16 30 64
26 18 22
52 80 20
35 11 57
34 41 19
80 0 30
8 21 18
26 87 7
83 32 84
48 2 20
25 10 76
76 2 46
44 17 82
12 10 32
93 57 36
21 12 14
95 16 23
12 30 51
4 67 52
33 4 59
70 86 67
7 3 21
93 65 54
6 89 33
38 82 50
72 26 78
48 62 72
46 59 69
52 45 4
33 31 10
88 23 77
36 69 21
8 90 57
58 76 34
21 69 92
95 9 51
84 48 66
31 36 64
88 74 80
94 38 25
15 84 89
74 86 37
90 6 35
13 88 87
44 99 38
63 5 82
19 16 66
3 58 77
0 95 59
94 48 27
40 64 52
36 49 15
56 30 53
70 62 1
57 21 90
82 92 92
50 45 25
95 42 91
76 24 79
36 23 95
68 94 2
37 44 31
45 74 76
40 88 46
45 53 36
50 14 30
27 75 18
79 36 42
63 13 81
48 31 96
79 5 6
70 16 63
58 1 53
96 27 11
52 48 46
66 89 23
47 65 71
26 52 65
72 14 20
21 0 54
55 58 69
28 41 59
80 84 73
88 51 58
67 79 45
48 41 64
77 26 90
13 46 36
87 51 95
94 33 59
33 49 88
20 84 12
11 20 88
25 36 25
13 43 58
29 21 21
24 84 3
73 18 34
70 8 7
84 57 99
65 88 13
15 68 93
64 43 96
55 26 9
74 62 38
31 53 90
30 66 6
7 2 68
73 19 35
67 9 99
27 91 61
97 78 51
60 40 29
71 23 8
82 35 14
93 15 61
66 39 91
56 87 10
89 85 79
92 39 38
40 39 91
68 39 88
42 36 34
64 84 3
87 78 10
42 31 11
43 50 80
32 60 69
89 16 92
11 32 5
40 52 47
39 34 22
97 86 93
90 20 33
76 53 59
80 97 14
82 63 29
36 84 5
98 93 5
47 93 78
46 21 40
89 92 68
90 47 77
24 9 50
19 29 12
60 21 52
1 57 77
84 19 8
4 31 71
27 54 81
56 34 37
16 14 85
75 36 74
59 0 36
64 30 59
83 62 24
22 90 27
82 77 96
27 46 78
29 96 90
38 29 97
72 52 46
97 29 76
25 92 38
72 53 49
59 80 66
21 85 51
70 31 41
33 66 24
24 42 58
92 47 24
61 56 13
5 54 48
18 47 97
16 44 23
71 9 46
3 16 85
91 37 47
57 38 59
2 46 25
73 89 70
86 34 11
63 42 10
82 60 72
31 25 58
48 98 49
47 32 10
5 94 61
10 58 48
15 53 97
38 86 96
58 2 68
71 11 65
3 67 40
63 69 22
5 50 68
29 73 80
96 97 31
19 70 18
40 46 67
62 86 54
32 30 42
81 70 31
98 97 97
14 20 42
92 50 13
49 37 40
40 93 35
8 52 94
52 92 5
17 81 60
79 67 26
37 82 82
58 7 32
51 49 46
85 94 13
27 8 46
39 25 47
93 60 84
94 0 48
96 87 98
1 76 77
39 76 42
20 74 2
7 60 95
32 34 82
25 40 56
39 11 62
99 56 7
75 44 32
11 55 75
61 97 22
75 17 78
60 71 17
24 60 96
98 10 13
73 85 40
23 26 35
27 34 33
3 54 10
48 95 74
12 20 35
62 73 6
6 32 48
57 39 86
5 14 28
21 26 79
19 67 88
32 19 53
71 55 22
32 31 93
29 83 89
26 90 29
2 83 46
35 41 16
67 52 62
24 46 72
19 72 24
53 70 44
24 76 88
23 89 13
84 51 57
49 63 46
1 2 39
57 50 51
54 59 63
25 97 55
12 59 29
41 92 65
38 89 65
91 39 13
68 72 44
75 26 6
5 89 65
65 59 99
13 67 9
85 48 33
56 1 71
14 46 59
49 11 73
81 59 15
12 56 60
58 15 77
23 73 9
26 3 40
48 28 9
34 13 97
73 57 60
8 64 37
40 18 56
98 24 30
57 20 30
94 8 86
0 22 15
51 54 55
42 48 93
26 29 79
47 6 88
81 55 56
42 52 12
80 46 14
16 29 63
41 87 68
64 48 53
99 69 14
31 44 69
46 94 1
26 37 58
57 23 61
60 49 95
28 17 13
36 24 95
68 37 14
39 63 79
69 71 5
31 70 13
63 48 16
66 79 48
9 45 88
12 85 30
30 29 15
7 47 1
41 90 67
27 23 74
73 86 87
69 66 26
32 35 27
84 42 92
32 53 56
79 21 40
89 51 91
85 53 35
35 66 74
63 22 55
43 78 51
61 79 24
58 38 74
47 28 30
56 35 37
4 33 30
88 92 86
53 14 84
6 66 77
6 2 4
87 2 76
75 64 67
78 51 97
4 69 78
79 59 91
22 35 39
28 42 22
8 67 7
15 1 7
20 88 37
89 49 97
6 19 10
97 96 95
16 35 50
55 93 91
60 81 25
10 43 61
1 25 28
22 80 88
67 39 47
76 89 91
95 79 67
50 77 43
78 37 96
90 11 11
59 2 68
17 35 34
76 88 51
36 92 48
15 57 38
96 52 60
94 96 87
79 92 36
20 56 85
14 55 1
38 48 12
1 56 10
71 6 90
98 79 74
92 82 38
4 39 37
1 80 86
63 50 43
93 56 95
53 22 11
95 11 52
15 82 75
67 12 54
89 15 64
34 18 8
53 90 64
30 84 47
10 93 25
60 61 26
10 6 92
49 48 39
63 52 79
93 53 73
33 40 10
97 75 42
64 80 35
73 21 91
92 68 7
81 91 17
42 22 22
69 16 14
19 90 62
98 74 6
82 44 9
9 38 62
12 60 3
53 16 44
43 8 66
74 51 22
68 67 58
9 7 40
14 7 54
97 74 32
87 30 19
15 91 69
68 47 37
49 56 44
43 41 5
61 85 5
4 7 41
45 98 19
97 28 88
34 29 92
42 75 68
18 24 63
46 36 61
52 56 58
4 15 34
30 10 27
81 19 42
92 34 49
96 60 29
41 68 39
35 93 88
4 72 36
99 27 19
17 27 87
5 78 24
26 80 12
70 72 53
29 41 70
32 62 22
71 5 45
17 84 69
60 27 82
10 34 58
27 85 17
2 70 5
23 65 14
98 61 13
3 75 35
43 56 79
97 19 53
10 87 52
7 87 76
6 71 39
82 85 59
39 98 82
40 16 92
72 54 22
48 42 47
66 62 42
57 82 91
52 40 36
70 5 77
30 63 12
33 76 81
91 45 69
84 29 53
10 96 78
36 55 54
13 16 79
58 70 86
99 32 6
97 15 85
41 46 18
76 59 80
98 50 32
52 91 2
12 13 90
86 85 26
99 57 92
71 20 90
93 92 57
73 20 60
98 15 62
6 4 14
14 57 73
50 52 27
14 75 17
92 66 64
88 44 13
97 7 86
83 78 71
92 61 3
36 25 38
39 54 84
44 61 62
68 87 12
50 63 66
37 61 4
37 21 37
65 73 64
98 83 88
25 89 63
78 83 60
67 15 60
82 33 41
91 46 48
6 92 34
72 69 88
38 99 55
64 82 9
89 35 48
44 35 45
23 58 14
52 97 33
4 81 30
35 9 91
48 58 39
56 99 63
46 68 76
59 84 20
47 54 23
30 25 61
32 49 81
70 52 53
65 22 39
5 29 73
32 59 31
80 54 84
24 88 85
61 90 66
39 2 38
26 64 10
90 97 73
98 70 47
52 42 47
98 71 52
69 81 73
30 33 41
34 98 95
61 43 74
65 89 10
6 86 34
66 3 7
8 0 42
29 94 51
47 68 59
56 44 22
23 14 88
21 14 94
35 64 85
94 95 56
65 98 96
85 58 11
53 37 27
41 19 57
67 30 65
50 65 40
69 30 67
19 25 76
39 84 47
34 9 92
1 27 53
22 69 76
73 54 85
29 13 72
51 60 46
85 52 79
90 19 65
57 40 36
29 61 8
89 34 16
24 41 66
61 98 71
90 72 99
15 95 29
31 72 45
31 19 85
22 48 25
89 54 77
4 23 71
57 91 6
76 23 92
24 25 79
50 96 30
77 79 52
57 54 51
6 58 52
96 39 90
61 44 42
71 70 99
75 29 11
44 41 77
64 67 41
9 21 11
52 12 97
36 53 49
73 27 17
7 54 30
13 21 65
16 67 65
31 79 17
57 73 97
81 26 93
92 1 23
54 23 89
79 65 80
67 57 77
93 0 89
51 17 62
8 87 55
32 68 44
34 21 9
75 81 28
26 30 94
36 26 29
36 63 20
51 95 12
75 9 29
94 25 58
25 29 92
55 11 76
66 29 39
42 58 10
94 68 85
6 13 24
52 14 98
60 78 36
84 18 72
42 53 16
92 43 94
91 36 20
89 29 70
35 25 97
88 45 66
66 58 14
28 23 23
57 35 83
77 60 30
69 20 61
57 90 4
63 55 88
52 96 18
74 84 41
98 44 3
65 13 82
77 81 57
55 89 27
55 4 46
58 13 90
93 31 70
28 47 88
33 5 68
58 25 8
76 13 21
62 54 33
11 97 34
54 92 15
1 5 20
86 88 20
35 21 86
12 57 37
56 89 63
61 89 6
68 27 95
58 92 12
90 33 39
18 65 64
55 0 14
73 43 30
75 11 33
67 19 46
45 25 85
86 61 55
1 62 81
83 71 32
90 34 2
38 96 75
14 42 23
51 55 69
25 78 45
72 38 20
28 7 13
84 90 29
31 67 1
43 94 84
70 33 85
73 75 16
47 66 17
19 9 95
95 45 70
68 13 72
17 72 74
13 39 93
32 98 91
29 91 44
91 25 97
11 35 25
41 34 82
38 26 18
89 52 92
35 56 61
50 29 24
86 4 99
28 59 58
44 53 78
24 68 56
19 57 84
76 0 54
30 78 48
79 11 44
32 85 40
59 28 45
59 66 15
38 10 58
20 54 48
50 55 98
31 11 6
20 51 4
71 8 71
1 89 50
60 17 9
46 78 79
4 88 83
84 82 31
8 49 68
88 12 18
86 14 87
70 39 18
66 64 20
46 30 63
33 52 36
12 91 2
27 66 72
28 81 95
2 4 34
2 31 75
58 65 66
27 71 57
90 52 2
98 29 44
99 95 85
48 53 19
55 2 48
6 90 98
2 7 52
11 22 15
86 26 70
39 46 92
55 65 11
77 27 21
84 77 69
65 14 36
11 23 10
18 1 18
40 73 86
82 53 10
22 15 31
14 36 44
17 78 73
0 35 85
91 97 77
49 78 94
47 64 32
10 50 81
13 2 97
14 27 45
60 15 39
45 52 97
36 17 18
90 61 70
33 55 17
44 83 43
10 28 49
48 4 91
70 79 86
28 46 51
48 27 37
47 22 22
42 38 59
11 63 36
41 84 65
48 18 40
50 0 99
49 46 90
30 43 56
73 59 40
12 66 52
83 4 91
88 0 26
22 93 21
69 65 76
86 93 28
70 49 3
41 67 76
25 33 86
73 45 56
90 16 11
37 66 98
47 56 95
32 5 30
62 90 59
68 78 95
24 31 8
36 91 45
56 24 88
72 10 1
53 68 77
40 3 98
93 7 95
64 47 39
13 3 31
13 92 35
13 57 72
4 55 26
62 82 67
12 25 4
6 17 67
99 61 78
95 99 37
37 7 36
27 50 53
49 16 9
39 56 64
42 13 21
65 60 63
54 39 64
31 91 67
49 23 29
54 73 67
10 46 66
50 74 64
69 7 68
58 33 13
63 51 83
97 18 91
85 40 57
23 7 85
31 61 3
80 98 77
62 96 69
51 38 40
64 24 86
94 4 50
97 56 1
47 33 98
13 91 92
89 70 86
12 46 34
20 73 10
90 35 71
42 78 17
93 87 90
28 16 27
8 59 82
14 62 53
15 9 14
11 47 63
46 73 22
6 0 36
70 63 12
96 51 41
88 27 84
17 75 15
94 6 28
62 9 38
45 30 49
56 98 55
54 48 3
70 78 87
24 30 67
44 43 6
35 40 58
31 38 88
74 82 82
52 64 20
38 8 40
23 53 41
82 6 19
56 47 56
85 90 24
57 24 38
59 76 17
99 42 12
27 53 54
31 73 42
92 91 24
9 51 33
45 91 62
49 33 50
85 75 27
62 85 6
91 32 18
63 49 48
34 76 2
43 77 56
50 15 38
56 61 36
96 81 84
29 38 52
22 89 13
67 45 64
21 53 78
22 96 22
79 34 70
82 67 61
48 67 57
64 90 7
77 89 54
19 77 12
80 22 98
72 4 53
24 49 97
56 9 58
27 73 4
20 89 14
