50 1225
25 40 87
31 49 88
36 47 12
13 7 36
15 16 58
10 18 69
24 31 3
34 38 34
23 41 69
20 43 22
17 48 1
23 15 20
19 33 31
33 25 93
43 18 20
4 9 54
16 10 51
7 4 85
45 26 94
14 0 45
45 48 84
20 29 51
13 19 46
23 4 58
8 25 29
18 4 89
18 2 86
40 43 41
48 13 27
42 29 56
5 3 58
48 7 7
32 45 46
38 28 69
3 48 7
48 44 97
17 40 44
13 6 73
43 28 16
38 18 35
13 22 70
7 10 97
31 5 92
8 21 59
3 14 10
33 42 49
3 32 5
45 10 65
4 10 88
18 37 9
24 28 41
46 28 32
2 38 67
4 41 68
41 34 98
9 30 21
39 8 4
29 30 76
31 36 56
18 6 75
23 43 20
42 33 47
45 4 70
6 15 85
17 2 44
36 32 77
37 1 68
29 25 57
23 28 21
2 49 3
16 21 71
28 26 9
17 26 74
49 28 15
30 20 52
47 27 39
31 43 67
31 21 28
20 8 85
46 30 2
40 27 37
47 36 11
12 28 98
13 15 75
30 15 68
2 45 15
2 8 42
44 15 39
31 4 57
11 35 79
26 13 85
43 3 17
0 22 60
33 16 44
42 2 16
37 34 87
34 31 83
28 1 53
5 44 51
17 42 82
34 22 50
10 17 75
7 2 54
4 33 97
1 21 25
42 26 61
49 3 73
48 15 76
46 17 20
26 18 41
39 49 28
24 21 45
3 49 76
22 18 73
7 20 9
31 37 81
1 25 58
26 28 25
46 7 22
12 7 97
41 36 62
30 47 96
45 17 67
33 11 94
6 47 78
22 28 35
38 26 9
21 42 17
18 8 77
38 1 79
10 40 51
28 39 68
39 24 39
13 34 28
5 6 7
37 13 12
45 37 59
2 19 86
42 19 98
12 36 33
44 45 1
43 8 30
36 17 77
41 1 11
3 16 42
41 30 36
22 41 70
10 5 75
4 43 19
36 14 8
24 7 28
2 21 66
20 40 47
7 11 84
45 49 68
3 35 66
43 45 80
42 44 65
16 39 15
35 46 93
46 18 63
2 14 56
3 26 20
8 33 15
48 24 53
47 42 49
47 38 41
28 30 37
11 22 73
19 42 56
47 45 5
7 9 36
18 13 73
19 29 74
17 15 39
38 5 74
47 34 69
14 33 68
45 44 5
22 12 70
42 32 97
6 7 50
46 37 68
35 17 36
14 4 68
4 45 96
19 5 21
24 15 59
10 23 59
34 20 63
23 45 75
39 42 15
45 16 54
48 25 82
2 0 76
19 13 62
1 9 67
1 24 65
45 9 83
15 45 73
3 29 77
29 42 31
35 1 58
41 13 95
33 35 34
37 45 70
33 9 10
31 13 92
14 1 88
49 48 19
27 40 91
15 26 28
1 18 98
12 25 96
49 10 73
4 3 87
23 13 85
39 9 44
32 38 33
40 42 92
28 44 23
25 32 92
40 36 50
18 1 39
6 31 80
44 6 83
33 49 98
49 43 13
38 43 75
1 37 30
37 24 20
37 20 34
19 44 78
8 38 51
44 41 20
33 13 44
42 18 26
46 15 45
30 48 28
44 35 33
24 17 71
10 21 38
25 29 5
8 27 3
42 24 35
41 9 62
42 13 1
39 44 78
9 47 58
22 9 70
2 32 25
5 20 71
31 35 77
9 34 67
26 49 59
30 40 1
44 3 96
4 0 70
42 30 33
22 7 17
20 35 74
29 8 38
8 48 67
3 34 94
41 8 85
30 8 57
41 49 1
39 18 46
32 41 57
44 1 24
32 42 6
6 49 6
37 12 67
18 34 28
33 14 19
36 15 42
2 42 25
1 14 72
41 47 40
28 29 43
33 24 90
48 10 53
6 48 61
37 16 81
2 12 78
8 49 77
6 33 10
0 19 80
48 20 38
8 44 42
10 15 34
30 18 49
39 48 93
17 1 86
20 25 16
23 37 97
29 16 97
13 49 7
17 39 85
35 22 69
23 32 54
24 49 2
32 37 27
38 14 89
43 7 75
13 36 76
5 4 30
16 36 64
14 36 50
38 17 98
49 31 79
38 35 43
39 22 59
47 26 38
0 39 51
33 21 41
49 18 56
43 49 64
47 41 39
24 20 23
35 42 43
44 49 12
9 41 68
29 14 93
30 46 42
5 15 1
42 43 75
4 46 19
44 43 36
24 40 88
3 8 35
22 24 54
6 43 87
39 26 79
17 18 28
14 40 4
27 36 99
15 1 87
31 12 13
31 15 43
43 21 6
35 43 18
42 34 43
17 45 4
11 19 1
25 21 37
29 28 43
43 15 48
35 37 53
26 21 98
31 28 99
10 11 13
1 34 59
45 1 95
33 4 7
37 36 89
9 27 83
18 12 30
28 35 67
2 29 75
31 24 39
31 47 98
36 8 57
25 41 59
9 22 12
6 36 15
45 14 88
3 36 2
24 14 43
47 33 39
9 2 45
12 27 33
44 13 10
33 3 99
32 35 52
41 3 48
20 18 33
6 0 30
16 34 56
41 28 33
10 41 47
15 13 32
11 18 55
9 5 26
26 7 33
4 42 5
39 40 58
46 42 27
9 45 61
22 27 78
12 16 70
0 11 47
0 26 64
41 25 82
28 22 79
28 40 61
15 49 22
40 6 15
35 29 47
15 42 15
39 10 72
39 5 19
8 26 77
26 10 78
30 32 13
15 14 45
38 25 39
46 40 6
35 9 50
46 26 9
16 38 41
7 29 46
17 31 56
12 33 75
18 22 74
37 19 21
11 14 38
14 42 73
48 47 5
8 1 76
29 23 81
11 24 31
45 35 93
49 14 21
34 24 35
43 34 66
47 32 40
11 40 77
40 10 86
25 5 63
27 25 46
13 11 38
6 16 39
3 5 11
39 0 94
36 21 37
12 35 60
4 18 18
21 18 37
9 31 13
32 16 50
4 11 75
19 37 58
27 30 89
39 29 34
22 13 66
32 8 72
34 40 12
26 11 4
49 27 54
40 39 64
2 9 60
45 43 64
17 25 28
4 35 30
41 2 11
11 41 7
16 30 57
49 38 52
34 45 69
29 11 52
49 30 47
47 46 15
14 37 58
28 0 21
26 41 28
26 36 87
23 29 80
8 0 9
21 49 87
23 31 46
5 2 26
41 7 28
22 26 84
24 16 23
11 21 68
24 4 70
6 9 77
13 1 11
31 38 46
32 36 63
29 32 56
25 37 30
1 31 64
20 9 84
25 8 65
30 25 95
46 23 45
49 42 83
30 4 60
37 5 2
13 46 68
25 18 76
26 32 49
26 40 99
21 0 97
5 34 70
21 29 27
19 40 60
19 2 24
5 29 30
41 14 46
49 32 73
8 40 49
12 5 54
44 21 9
11 36 38
20 10 88
25 20 56
38 2 12
40 4 88
29 10 79
36 40 96
24 26 44
7 5 41
13 29 82
43 44 71
28 16 81
29 36 35
23 20 29
23 2 94
32 44 20
3 28 59
32 18 47
15 29 80
16 6 38
31 46 50
49 44 55
6 17 93
7 48 48
27 43 5
37 47 52
38 22 18
34 28 30
21 36 40
1 2 66
28 4 97
39 30 23
8 43 59
37 29 54
25 43 96
4 23 75
35 48 81
13 17 19
44 40 15
48 26 84
0 41 7
30 43 3
38 20 9
29 17 81
21 26 75
15 10 86
35 16 10
6 34 86
19 41 75
37 32 75
43 19 67
4 6 31
7 28 22
29 12 65
39 15 30
6 24 53
31 44 41
4 48 89
44 0 65
29 46 70
43 42 6
33 29 56
2 26 32
28 36 96
18 7 4
11 43 56
10 49 15
24 22 68
42 27 62
25 46 7
41 32 84
18 47 21
13 33 61
15 31 53
22 49 74
3 25 16
32 4 70
46 5 83
2 39 86
27 32 16
17 38 31
14 24 84
22 20 48
47 12 56
29 2 86
13 2 3
37 49 81
48 30 96
39 1 44
29 33 3
37 25 48
20 1 43
34 16 96
2 11 8
2 13 88
35 3 81
12 24 23
45 12 38
11 38 14
15 20 13
29 24 71
27 44 25
16 33 4
16 25 8
44 17 98
36 16 13
41 15 64
41 26 77
45 30 16
5 47 81
13 39 88
15 39 41
13 42 62
43 11 68
17 4 70
1 44 65
2 22 79
2 33 95
4 37 84
18 29 58
37 8 62
49 15 94
5 24 94
48 4 23
35 18 62
2 5 19
4 44 16
31 30 92
13 37 34
15 22 66
37 9 95
43 17 72
44 2 53
4 2 8
33 17 82
15 40 69
19 17 82
35 47 50
42 41 85
27 41 53
33 18 49
18 27 52
18 35 44
49 24 27
29 18 46
33 45 21
22 40 53
47 48 85
30 16 45
28 23 34
6 4 59
40 47 99
3 23 66
32 34 85
6 20 92
16 26 99
0 31 81
40 25 94
12 29 4
48 22 72
2 17 6
21 28 53
7 40 68
20 13 22
22 34 50
44 8 95
47 8 96
0 23 12
15 8 30
31 14 6
37 33 29
5 7 95
36 1 55
46 21 35
49 37 72
48 5 64
15 9 85
0 27 56
47 1 27
34 15 54
43 1 7
24 12 55
34 29 10
46 44 44
4 13 21
20 3 44
39 12 46
38 44 27
7 17 50
19 45 81
23 8 63
36 26 16
31 42 56
23 22 35
3 45 36
45 22 79
28 46 8
48 8 50
33 7 51
3 19 33
49 9 31
42 1 38
45 31 33
14 28 37
18 36 37
6 23 55
37 27 90
2 44 6
45 47 4
49 29 30
28 38 17
26 37 82
33 20 52
8 47 49
26 23 10
14 47 60
35 33 71
6 21 31
39 43 33
43 22 68
2 15 84
40 30 3
19 43 15
13 48 8
24 37 45
39 11 23
2 46 76
23 34 85
33 40 21
35 27 34
23 39 66
0 1 7
8 5 35
47 14 65
13 25 94
0 14 8
11 37 81
27 26 74
5 25 16
27 9 40
30 41 36
7 34 38
3 44 89
18 33 21
24 45 30
16 35 42
0 33 95
45 3 42
21 1 47
32 22 90
13 5 85
14 23 12
29 31 77
41 48 10
2 24 59
41 44 4
15 5 81
32 21 68
49 20 69
35 31 88
41 31 54
20 34 20
43 30 28
24 25 82
10 24 54
10 30 7
8 36 1
36 33 9
16 9 66
1 0 38
33 28 14
12 23 84
2 16 7
5 17 6
44 48 66
25 3 19
7 23 31
7 46 34
4 47 83
3 31 38
0 15 4
44 28 51
7 44 85
37 38 51
46 0 21
41 17 37
20 28 27
46 32 31
6 45 78
40 1 68
13 40 62
3 2 79
9 28 47
42 3 21
44 11 35
38 8 36
41 42 44
32 26 60
12 21 21
16 46 1
31 1 13
18 38 73
23 44 12
44 33 72
5 23 67
28 15 16
4 32 44
2 4 53
7 36 68
46 20 44
38 37 90
42 17 6
22 36 55
8 28 44
11 1 68
29 15 30
36 19 78
35 21 74
39 7 87
25 15 14
23 11 55
1 40 14
43 20 51
42 31 40
5 21 21
30 24 15
27 35 88
32 49 20
42 36 28
45 6 42
49 41 52
6 10 97
24 13 41
0 5 11
0 16 18
46 27 68
37 42 37
45 5 69
7 35 45
39 37 10
30 26 83
25 22 21
48 46 17
4 40 62
1 42 41
26 46 59
46 33 97
24 19 27
11 45 18
9 46 35
13 27 11
0 28 89
11 23 58
27 6 11
9 12 20
34 39 25
38 0 78
11 2 94
7 0 12
27 29 74
6 39 13
41 0 22
2 18 32
22 47 62
7 32 46
34 25 64
20 22 69
46 22 56
5 36 15
21 3 7
17 27 1
23 27 91
13 20 72
22 44 17
33 12 70
0 10 29
27 48 29
3 15 65
34 6 94
42 48 82
43 27 94
19 36 33
10 46 53
10 35 45
29 0 60
27 10 80
34 21 72
44 7 41
31 2 84
13 14 54
47 20 30
32 15 38
5 27 10
20 21 88
37 23 89
45 7 98
32 40 85
27 19 43
24 1 18
26 1 42
40 19 4
21 13 11
4 5 72
10 36 15
4 31 60
16 32 33
38 42 84
47 19 95
8 39 19
41 19 65
10 37 78
45 25 82
16 28 31
21 10 92
14 3 59
13 30 2
25 12 23
47 16 28
6 35 38
11 29 1
15 28 74
32 43 54
49 12 44
3 39 86
16 8 58
3 47 66
8 29 54
45 46 38
40 11 41
24 34 78
23 6 83
33 19 76
37 28 2
1 45 25
18 5 18
31 3 97
22 30 51
0 2 13
16 5 70
15 37 91
14 44 23
35 26 99
29 7 77
23 12 77
41 39 72
33 23 35
42 20 5
0 8 3
5 32 85
0 3 74
6 41 10
4 30 49
32 12 83
41 43 93
35 14 92
16 22 83
30 21 96
26 30 81
30 49 16
36 28 56
30 3 2
18 44 12
19 34 15
38 27 46
34 12 32
49 5 87
48 19 46
35 49 62
6 19 36
9 4 30
15 41 22
40 35 27
38 49 84
34 35 1
34 9 7
37 21 26
36 3 48
36 20 37
19 15 67
34 1 86
47 22 28
28 6 88
6 30 76
40 16 68
0 38 92
17 28 27
8 37 53
3 4 48
14 7 8
43 36 67
4 34 30
42 38 80
9 0 22
33 43 41
8 34 75
20 0 8
41 24 53
42 25 73
7 47 19
19 38 95
2 7 21
10 48 82
31 17 45
15 23 9
32 11 90
0 24 60
11 32 57
47 21 55
46 19 7
38 46 99
31 25 72
40 41 89
9 25 19
30 45 87
39 6 46
47 28 60
3 27 30
5 10 57
21 43 60
13 31 93
16 47 47
30 5 87
21 2 97
43 23 9
49 46 32
6 8 84
9 44 99
19 31 49
27 5 8
20 19 13
45 42 92
6 46 43
29 44 24
42 22 15
30 13 55
25 44 39
27 2 53
27 22 81
10 25 75
35 40 10
9 36 75
16 0 79
17 0 37
41 37 43
25 39 46
49 33 51
7 45 53
41 29 16
17 20 99
39 35 45
38 12 13
47 4 3
30 33 7
11 49 23
12 39 24
32 39 70
46 36 20
3 0 99
31 19 26
9 33 45
32 14 88
30 39 92
11 34 83
8 13 38
27 49 58
19 24 72
39 2 15
23 5 71
46 8 24
31 34 17
22 39 12
18 16 7
22 32 91
29 40 17
17 32 90
26 22 27
23 17 20
12 37 72
4 38 36
33 48 72
39 17 75
14 22 50
8 41 78
4 25 8
34 5 77
30 42 74
26 48 25
44 47 92
22 43 16
41 46 38
16 40 1
35 44 66
2 23 42
6 1 84
22 8 39
30 9 99
22 38 82
14 34 21
7 22 88
39 4 74
18 14 15
28 32 92
17 37 65
36 29 12
9 11 7
17 13 44
7 38 7
12 44 87
21 16 45
16 20 2
25 35 41
26 12 53
12 48 81
0 42 24
36 22 12
37 11 61
7 21 38
20 36 38
12 8 20
4 21 39
30 34 49
21 31 72
47 43 61
47 29 87
23 18 90
18 39 67
25 17 71
21 40 61
2 47 7
16 15 69
31 22 22
48 29 8
11 4 9
15 4 61
34 46 5
12 0 88
13 21 65
25 27 84
22 25 96
6 18 76
26 24 48
8 20 45
13 45 93
29 49 29
33 15 32
15 43 15
28 5 85
25 1 94
26 19 27
19 22 18
14 2 57
3 18 21
45 8 85
32 29 66
13 35 54
26 5 84
3 41 71
39 32 22
16 31 58
16 14 94
23 26 62
15 11 45
27 28 91
21 34 82
44 25 92
44 34 70
0 44 17
7 41 18
43 31 22
37 31 58
26 17 27
6 3 18
9 21 15
16 24 38
49 21 71
47 10 90
8 2 50
14 26 83
38 7 19
10 44 62
0 13 58
2 10 19
18 30 49
24 33 27
1 12 26
19 11 90
39 16 11
17 6 48
33 44 61
32 24 45
22 48 89
16 12 55
28 2 71
16 19 89
10 32 20
9 15 49
17 7 35
11 48 1
40 26 20
10 39 34
21 44 1
24 29 77
29 20 13
37 39 85
30 31 3
8 18 64
39 46 9
5 8 76
24 44 39
10 33 73
14 46 48
35 7 75
37 14 48
35 6 2
6 14 25
17 41 62
21 9 88
8 14 67
49 7 2
