100 9900
9 66 42
75 67 20
9 26 52
2 45 83
2 81 49
43 49 27
76 19 74
70 37 31
66 96 27
24 86 11
78 85 27
29 41 67
81 30 24
17 41 63
65 7 59
4 22 55
55 63 92
51 82 89
51 86 28
68 14 79
19 76 20
22 50 37
22 87 55
43 94 32
87 35 48
36 94 79
92 69 43
14 30 4
2 26 93
79 47 36
60 87 55
54 35 85
87 39 3
86 73 65
29 93 94
46 53 1
8 41 4
31 27 48
62 50 74
39 10 94
35 28 18
25 48 59
16 99 19
22 91 21
36 83 37
37 8 95
89 57 63
92 2 99
93 16 15
2 37 19
34 88 91
96 12 75
71 0 62
16 52 22
82 86 14
80 98 62
55 52 17
24 50 65
85 42 61
12 43 65
30 87 40
37 94 96
82 36 41
91 9 29
16 0 80
85 28 32
24 53 56
37 47 27
16 25 22
80 1 16
80 7 41
12 98 1
88 79 7
18 36 53
38 33 3
6 82 13
53 88 95
49 37 45
87 18 44
33 36 66
9 95 2
86 96 52
7 40 4
86 84 30
11 86 84
58 52 22
46 8 89
15 76 61
73 83 38
17 15 23
31 82 43
75 77 1
81 76 7
74 55 89
73 86 63
60 77 98
73 49 10
84 67 14
45 73 90
48 55 39
36 69 11
46 56 81
76 62 24
58 15 42
83 21 99
6 38 80
2 58 69
16 62 5
28 64 41
7 87 11
2 11 24
78 35 52
19 71 32
28 60 42
70 34 78
57 32 20
39 6 46
5 0 64
70 56 52
66 80 67
76 14 69
8 16 34
13 67 10
77 92 37
32 56 13
21 18 46
78 71 55
94 67 84
33 88 79
68 85 40
23 51 33
3 83 91
36 42 46
21 51 15
56 73 71
18 25 96
85 74 26
44 76 16
69 97 48
22 30 44
35 75 37
53 73 85
40 7 22
6 83 81
81 73 24
20 83 27
79 81 96
16 22 49
84 93 51
89 67 44
63 93 4
12 42 23
89 50 33
73 12 46
75 73 75
86 29 52
92 40 47
44 53 2
29 66 2
70 48 63
95 80 42
72 71 81
88 6 63
40 39 69
31 40 74
40 93 74
13 37 33
48 11 55
27 35 97
48 22 49
57 22 75
14 15 69
29 25 72
47 27 80
92 91 75
47 97 32
69 50 54
1 77 74
7 53 82
36 12 24
45 96 6
24 20 59
16 78 89
27 59 26
69 71 85
84 20 98
34 14 39
52 57 47
53 76 34
4 21 99
4 17 15
84 68 17
31 91 21
56 63 18
22 2 11
63 21 49
79 25 87
82 76 92
78 74 5
83 64 80
33 5 68
44 43 7
73 59 1
49 6 50
68 36 93
3 7 97
75 0 69
47 86 95
15 81 49
67 71 11
7 72 35
36 45 8
50 44 6
4 25 94
69 8 19
55 49 1
98 60 2
3 52 24
3 18 16
54 42 57
29 70 32
71 39 92
39 16 27
52 37 72
44 11 69
8 68 49
37 1 55
19 34 53
46 39 28
4 8 1
98 12 35
49 17 49
43 28 53
66 72 55
11 95 81
85 29 78
24 32 75
24 27 98
62 79 36
94 42 3
72 51 45
16 66 92
76 27 19
75 61 5
74 65 63
20 36 18
20 61 74
19 82 74
21 86 77
22 43 10
27 44 65
1 61 33
1 8 9
74 4 88
70 69 10
48 92 50
2 86 33
92 75 43
96 38 49
76 42 50
83 36 73
47 17 97
76 40 89
54 21 43
68 3 41
38 2 69
12 6 41
98 58 83
85 21 99
42 41 23
28 57 54
61 49 47
4 44 3
73 65 64
52 29 7
14 36 14
95 45 42
57 11 77
52 6 45
37 67 79
47 70 44
74 33 41
6 3 55
19 4 19
92 25 36
46 95 21
95 83 52
77 75 6
90 98 20
95 13 57
84 48 63
28 74 4
9 41 72
26 71 98
69 39 13
27 99 24
89 64 79
56 46 38
37 53 81
98 62 34
94 31 87
93 94 70
79 22 58
94 44 43
31 93 10
84 26 79
17 32 96
82 92 19
92 28 33
85 14 81
62 58 82
17 72 69
93 58 91
74 6 25
23 53 52
22 46 38
99 11 8
71 76 52
53 39 87
51 63 55
3 17 22
19 68 42
14 21 3
43 24 75
9 93 76
66 70 23
69 96 98
38 64 96
30 34 82
30 19 74
66 92 27
38 65 96
17 14 46
74 30 32
45 46 33
95 71 70
98 96 2
96 26 62
12 88 40
21 4 57
51 72 48
25 43 30
32 12 54
44 71 34
76 46 97
73 3 94
87 29 99
74 99 34
99 27 73
49 8 20
35 49 11
23 95 9
34 23 4
68 95 71
2 95 36
56 29 20
65 10 4
94 68 87
34 29 23
70 27 77
44 78 66
12 13 49
26 73 78
40 73 84
46 25 15
76 83 70
49 34 13
84 58 38
45 75 49
61 43 17
96 39 52
30 11 34
49 14 78
31 87 86
14 13 10
64 75 57
88 30 77
20 23 64
32 52 17
18 58 93
52 28 59
45 70 62
12 75 45
0 55 67
57 67 87
79 78 86
68 23 99
44 52 77
85 84 59
33 86 91
27 62 41
87 71 21
9 39 67
81 22 78
88 77 38
10 66 47
71 55 54
3 2 21
55 30 38
59 92 14
25 81 22
42 59 94
22 58 77
84 1 82
59 61 15
33 8 64
32 63 40
69 84 42
15 71 88
62 69 46
79 1 52
52 0 11
17 26 82
40 85 27
75 5 47
98 71 26
91 1 56
99 87 75
44 99 91
65 90 96
85 62 4
60 57 48
59 9 30
21 55 97
23 14 84
68 57 3
53 50 31
39 23 81
47 45 60
84 19 19
73 85 23
64 59 30
41 25 74
72 81 85
16 9 54
34 65 15
97 48 40
43 26 75
45 31 44
30 47 90
58 24 52
66 94 67
37 23 23
98 85 92
31 56 39
43 19 74
30 59 41
7 61 91
86 51 77
48 76 69
32 21 12
85 40 49
45 44 82
80 12 53
25 29 9
43 8 98
46 68 1
45 20 85
10 24 64
28 26 38
75 90 4
39 34 94
82 90 35
11 26 39
58 73 63
78 92 15
10 75 43
82 60 95
35 55 86
35 38 24
69 3 1
58 4 87
60 45 57
94 88 97
37 31 72
15 98 16
39 75 92
63 43 1
52 51 7
53 81 60
56 49 80
58 34 22
75 32 65
14 17 30
5 95 82
75 23 22
26 92 34
34 17 56
88 25 13
71 80 62
37 59 16
38 22 12
97 37 75
45 84 91
17 25 9
59 15 81
74 91 4
96 18 72
31 98 9
97 5 41
79 60 22
69 14 13
87 79 45
70 77 47
37 30 31
72 42 61
23 6 92
34 56 95
34 37 73
43 78 19
34 20 74
61 0 59
77 95 56
13 79 30
4 15 33
39 60 12
73 51 23
25 97 14
55 98 85
11 18 28
19 99 32
9 11 15
57 12 20
46 40 63
98 39 90
59 79 55
96 23 29
56 69 96
49 57 91
16 86 3
46 45 10
67 10 46
74 39 16
26 38 66
65 98 14
46 82 1
51 66 78
87 96 95
94 71 48
40 66 68
4 49 11
97 17 41
36 24 62
43 40 34
35 24 85
16 42 5
1 57 96
67 75 37
35 74 25
82 32 83
95 37 27
9 38 2
96 22 18
72 9 48
68 54 89
22 51 88
89 62 6
74 77 63
22 38 92
98 26 10
75 21 15
9 64 77
85 1 70
83 19 92
73 53 63
84 10 17
42 55 79
79 4 80
75 4 95
55 47 55
84 62 16
33 52 46
61 13 30
68 58 1
79 99 34
42 97 72
13 8 42
31 30 3
56 20 48
76 87 46
69 82 55
76 10 5
68 26 54
46 1 10
6 24 88
28 23 65
44 33 88
66 74 85
90 82 75
8 89 28
32 1 29
49 89 47
26 98 73
39 90 69
6 48 29
87 2 59
76 57 47
42 35 59
41 55 23
41 36 38
13 86 31
55 64 66
70 71 49
47 71 20
35 78 39
2 15 1
28 61 7
50 14 78
97 6 29
16 70 89
4 72 15
19 96 17
9 53 56
14 47 3
32 67 4
52 58 81
57 83 7
21 15 88
5 32 29
97 35 80
47 98 59
48 42 39
57 38 43
70 20 68
29 81 81
6 61 95
4 36 3
57 7 16
10 33 13
54 51 86
48 37 32
70 79 98
94 63 85
53 72 80
49 87 40
38 54 78
13 30 92
93 66 83
76 81 34
11 96 56
15 31 41
25 10 79
88 20 19
5 24 68
87 66 89
24 59 95
17 62 96
59 91 76
38 6 17
61 36 54
6 93 71
25 83 21
27 17 80
32 88 5
94 83 12
77 2 73
67 82 13
69 48 79
44 68 49
69 13 25
23 89 40
59 10 94
94 80 83
84 99 93
45 57 24
63 31 98
52 20 43
98 92 37
68 9 22
37 82 11
90 76 73
1 64 8
57 14 90
4 1 3
31 16 51
73 40 55
40 37 24
25 18 49
71 24 83
13 15 1
23 7 15
46 0 48
55 15 5
60 69 7
45 10 12
74 88 40
10 31 80
89 47 61
98 68 6
96 16 24
6 7 8
4 14 14
47 10 53
79 69 61
85 8 27
78 0 99
99 79 8
63 25 9
23 63 21
57 41 12
7 21 94
67 79 75
38 8 80
74 97 88
75 53 73
95 99 47
78 83 31
41 52 69
97 53 15
35 95 96
9 28 61
43 3 3
57 43 58
66 79 49
64 32 57
32 90 22
62 46 12
77 22 62
40 19 65
88 64 35
73 38 34
23 80 58
48 28 68
6 63 15
4 40 84
44 86 45
52 38 49
77 7 54
68 76 44
52 41 3
20 14 22
51 90 56
3 49 5
93 36 4
63 60 37
17 51 42
51 60 64
13 93 99
10 0 32
93 50 6
72 70 61
24 7 24
56 37 1
96 10 80
44 48 6
66 13 90
36 18 39
81 83 19
52 10 80
64 6 55
0 60 53
67 90 19
86 75 4
81 1 69
8 96 34
46 74 72
21 22 73
75 57 38
90 89 12
80 72 78
15 3 70
60 89 1
85 63 69
1 4 99
22 61 19
53 70 20
19 81 49
47 18 95
68 21 35
82 21 60
12 93 92
5 22 67
77 53 10
89 94 6
94 99 12
83 27 88
87 93 2
61 74 9
42 4 70
92 30 41
89 21 38
95 61 39
78 98 89
44 85 39
95 40 38
7 95 50
99 14 67
20 89 7
80 61 51
76 86 93
40 28 57
97 30 95
63 80 17
20 65 62
53 89 50
96 99 18
37 14 79
30 88 84
3 51 89
98 30 99
7 20 96
25 54 45
61 63 96
20 38 52
34 6 92
11 44 34
55 58 37
92 11 20
83 22 35
25 84 82
90 48 5
18 0 51
85 34 46
51 65 97
88 45 58
25 77 43
18 41 21
61 21 64
8 17 66
7 84 44
32 29 12
63 62 60
96 19 22
0 38 90
56 44 65
81 98 14
79 98 44
22 56 3
51 2 47
14 54 20
54 94 28
33 83 62
7 77 55
37 87 5
4 54 74
18 88 7
59 94 16
47 88 43
87 30 36
92 33 82
73 20 21
4 63 97
25 22 19
40 26 36
28 93 59
14 22 62
59 18 55
65 55 27
58 16 92
80 34 73
88 0 83
17 21 10
98 95 33
7 12 12
81 15 32
14 33 21
45 68 18
35 30 21
16 85 79
24 85 14
40 75 12
69 74 90
86 79 17
15 92 28
78 22 79
66 75 48
37 83 55
91 77 40
26 77 50
94 65 77
70 21 97
69 10 49
7 46 50
2 28 72
73 94 70
61 73 14
96 17 69
46 38 35
55 81 85
23 48 20
22 29 86
36 28 74
22 78 51
53 77 13
97 23 62
10 89 13
31 66 96
67 81 66
97 45 17
83 26 57
17 42 12
92 84 45
19 85 28
71 12 13
15 41 82
55 26 17
18 57 38
6 60 68
97 34 39
95 64 65
54 34 6
9 59 32
63 68 56
31 14 71
39 19 66
71 52 77
63 91 80
90 96 47
14 90 5
76 17 34
26 74 13
4 74 81
84 74 74
55 56 59
65 70 7
31 70 23
48 0 79
92 67 25
12 60 39
83 13 92
60 80 93
87 0 48
22 84 34
30 24 46
41 87 37
33 54 63
36 88 48
46 70 67
13 88 78
12 68 2
2 71 42
21 23 53
33 57 40
48 45 94
29 12 95
99 22 63
5 21 70
81 41 54
3 30 57
14 64 37
55 4 84
83 72 14
68 75 93
25 19 80
83 38 17
61 23 17
9 84 25
89 5 10
69 42 35
48 21 53
37 35 85
67 85 32
83 81 16
10 80 63
80 81 10
61 42 95
7 0 40
11 80 67
74 46 37
33 20 22
24 25 2
8 60 80
58 71 36
60 90 78
66 90 11
78 13 23
48 72 7
24 79 9
7 41 54
54 66 19
91 47 3
54 20 66
89 99 43
33 98 73
55 37 38
72 69 27
87 15 52
74 41 24
73 58 82
34 35 22
96 64 58
63 50 30
70 73 73
62 76 23
82 93 52
86 77 7
95 2 3
40 47 17
42 83 53
26 51 83
32 30 9
60 54 35
90 41 60
36 27 87
19 92 30
45 53 40
23 9 19
80 41 16
47 51 55
76 24 53
37 51 57
30 91 3
47 11 34
55 97 24
30 45 11
93 76 92
92 19 61
40 57 99
33 92 80
41 74 34
43 81 54
59 36 25
14 0 30
63 9 44
26 16 64
34 61 35
64 61 76
98 21 85
53 80 99
13 92 12
49 95 2
80 3 13
89 16 81
7 80 95
9 83 28
15 18 33
27 93 28
55 1 94
37 93 65
13 11 10
77 74 21
42 51 92
41 0 90
87 57 70
90 32 29
37 41 81
91 97 33
81 33 11
45 15 81
92 96 43
19 65 18
63 17 75
68 77 15
64 25 31
77 57 21
69 68 68
80 25 12
85 38 10
9 31 80
98 53 85
2 65 56
3 26 79
84 35 49
19 9 15
6 75 58
15 55 9
55 35 72
17 93 83
34 21 41
33 78 83
63 19 46
49 84 26
87 33 34
4 32 17
86 8 1
2 70 66
3 19 67
85 18 28
40 78 69
20 93 71
91 28 62
0 48 19
26 43 17
31 73 33
87 94 80
10 13 96
96 25 69
99 34 94
50 75 94
93 92 43
42 24 98
47 34 96
11 77 71
46 91 89
45 0 63
27 91 67
72 21 72
1 84 99
13 51 13
40 74 76
53 19 82
3 81 60
83 95 87
89 18 52
35 41 3
82 20 2
0 70 75
49 28 55
65 3 89
47 99 16
81 48 90
31 72 36
6 28 48
96 31 52
0 93 1
40 88 45
86 21 95
86 25 67
90 16 62
97 21 19
64 69 26
10 65 70
35 88 5
29 84 60
0 64 1
83 99 78
18 75 11
21 99 69
42 92 12
29 16 23
48 94 45
65 1 34
43 79 82
76 59 62
19 61 79
41 69 14
52 50 71
81 7 17
81 19 29
57 56 85
84 47 21
23 11 10
86 11 66
37 32 43
72 62 61
98 14 16
57 81 94
10 42 54
84 88 62
99 59 63
17 52 43
48 75 10
51 58 14
42 31 42
65 97 35
84 54 97
12 90 24
57 90 38
87 26 28
63 79 85
90 0 55
7 73 60
96 0 52
27 11 17
70 88 25
64 17 24
23 33 30
83 74 68
40 54 25
82 58 98
65 32 26
68 48 52
86 99 17
31 6 9
50 46 93
79 54 83
72 75 72
35 54 12
19 22 86
36 47 24
42 46 56
73 91 81
17 56 12
61 78 76
51 39 58
27 95 38
1 80 86
33 28 82
69 51 95
66 25 8
50 99 7
13 1 10
93 98 11
77 61 20
28 14 60
71 18 57
17 58 85
64 67 60
31 97 15
17 18 72
29 71 52
5 16 91
83 80 74
91 65 86
46 16 49
89 43 63
82 11 56
46 63 46
3 14 69
47 40 77
42 1 12
57 23 18
25 62 8
60 41 10
69 79 61
88 67 63
65 40 53
16 58 47
21 66 45
21 65 82
70 50 50
12 36 79
22 70 74
60 18 75
69 58 22
15 89 76
96 86 33
63 82 3
95 90 10
24 34 97
79 85 74
45 3 24
87 56 10
52 12 10
58 25 55
80 66 51
31 55 80
84 66 25
25 21 33
27 26 20
66 29 41
81 57 31
94 48 92
26 56 3
23 82 47
35 68 78
76 20 51
62 49 62
93 49 21
6 33 77
26 61 85
73 95 16
65 57 1
82 51 8
25 17 88
55 21 94
0 74 42
68 16 26
3 15 54
24 81 51
62 56 71
78 39 56
82 57 68
48 97 7
40 60 43
95 18 28
38 24 88
56 55 56
16 24 38
45 7 19
6 21 5
13 41 31
11 78 74
9 1 16
23 5 6
78 52 13
29 7 32
57 4 26
45 41 95
67 41 82
75 59 56
32 94 42
57 28 46
79 66 71
18 84 99
71 49 79
31 3 8
93 11 94
51 14 26
2 52 90
40 17 11
80 15 54
57 80 69
60 49 52
64 62 13
93 87 86
12 48 34
50 10 2
67 30 97
85 12 36
2 76 97
62 57 61
39 1 2
97 46 2
55 18 1
14 32 94
39 25 2
51 17 48
37 17 14
81 71 27
47 83 75
67 97 30
88 26 48
83 3 91
36 44 30
98 63 71
59 70 36
76 12 51
78 24 89
7 55 34
58 36 97
73 87 79
8 46 83
65 83 16
10 68 34
89 15 47
5 14 55
95 96 3
53 5 87
54 1 63
3 42 46
2 61 65
32 66 18
34 13 76
39 68 10
32 81 39
90 84 99
81 46 45
94 82 22
27 81 43
71 79 21
7 88 60
93 42 18
8 55 58
36 82 57
10 43 63
12 91 4
64 27 70
69 11 37
82 62 72
70 25 59
65 50 26
68 86 1
71 89 67
81 93 42
26 8 42
78 46 6
52 30 19
49 30 29
18 72 8
37 28 54
3 56 95
83 94 76
97 77 25
49 43 60
32 39 64
92 47 69
93 1 49
99 5 1
91 96 10
90 1 92
37 60 33
83 34 18
21 58 3
97 52 22
91 4 78
7 94 95
48 77 35
80 27 32
99 1 77
8 94 63
85 15 76
47 81 31
95 58 88
94 26 39
7 29 12
81 5 51
16 12 1
69 34 74
88 46 38
24 58 70
30 20 69
56 59 81
43 14 13
19 53 3
3 6 49
55 25 39
82 79 83
35 61 61
78 51 9
28 5 39
28 85 51
7 90 56
82 95 61
29 14 42
61 86 30
39 26 61
5 37 6
94 24 62
20 70 81
94 87 99
32 47 51
92 39 33
55 77 89
33 4 20
64 92 48
91 53 57
12 54 35
80 92 15
69 28 14
31 43 19
44 23 21
57 71 93
80 2 98
8 32 48
82 72 60
2 23 84
46 78 16
20 53 28
28 20 55
12 65 42
80 77 2
69 85 83
99 66 73
38 88 91
5 20 78
36 50 17
97 25 40
30 21 40
58 72 9
5 65 48
50 26 97
15 5 66
93 79 26
29 43 56
25 34 33
60 55 64
58 77 32
62 89 14
67 77 87
27 36 94
70 46 76
41 47 26
77 6 96
93 10 35
1 38 99
36 32 35
47 24 68
91 33 51
10 21 67
86 61 94
97 28 5
81 9 56
92 24 58
62 80 71
26 15 60
37 76 21
93 91 39
18 31 90
23 87 22
27 43 30
40 0 78
43 93 26
47 53 99
8 54 26
85 67 21
79 21 20
58 78 8
13 54 13
29 24 18
71 9 91
64 41 77
82 42 14
61 58 40
80 87 68
23 91 36
51 19 25
65 82 50
49 98 87
93 89 91
20 27 85
73 69 99
56 50 10
49 82 16
71 34 43
53 97 84
29 76 26
15 14 18
45 82 42
98 86 7
20 82 84
61 81 78
72 63 91
63 38 94
53 90 6
90 92 84
0 26 48
3 10 96
1 11 9
84 94 7
15 4 9
6 73 2
58 51 44
88 1 97
52 16 62
1 86 19
91 29 41
10 61 63
89 23 95
32 98 49
89 88 96
97 76 92
76 52 44
71 53 66
8 58 14
18 55 66
26 53 54
63 15 74
35 93 62
33 27 40
99 44 25
84 75 97
70 93 39
36 57 56
36 93 41
3 29 32
78 59 81
16 59 10
4 65 50
78 28 96
31 68 85
8 44 54
24 93 53
56 97 97
7 75 21
28 72 9
96 1 64
61 55 11
60 53 72
26 24 63
30 99 51
56 79 67
39 79 95
44 22 59
57 29 99
52 34 17
67 46 59
51 87 98
61 77 99
99 35 49
23 50 23
59 7 49
79 17 1
12 5 12
55 57 89
26 32 42
55 20 13
63 61 76
80 84 60
68 78 13
11 53 52
14 25 70
1 67 99
12 46 8
61 82 27
62 74 5
96 33 17
39 15 8
17 27 26
51 36 7
98 56 50
86 89 97
49 35 7
13 85 62
3 67 93
92 44 24
32 64 47
94 92 70
96 68 14
93 57 35
99 28 44
62 91 76
2 87 80
21 90 59
6 53 65
50 91 91
71 45 78
66 57 20
76 89 37
63 29 10
84 96 13
0 14 18
15 44 4
78 40 51
38 62 50
52 88 14
15 49 32
31 62 84
2 39 20
47 12 38
23 38 40
64 96 75
43 85 36
55 72 93
34 24 16
51 6 75
71 56 28
65 73 39
66 98 83
76 11 44
54 41 51
7 22 73
73 11 12
68 6 47
39 46 9
30 89 16
49 92 41
64 66 64
66 52 8
32 76 29
74 56 49
60 93 90
92 20 92
64 54 54
18 12 29
99 96 55
12 8 41
41 95 55
49 3 9
58 45 14
83 91 32
97 82 53
18 95 59
85 52 32
3 84 99
4 7 48
72 35 44
55 69 60
33 60 78
89 83 16
62 28 37
28 90 78
27 53 20
58 92 69
46 21 64
68 79 50
74 16 65
51 29 2
73 89 32
33 39 4
16 51 78
88 65 2
61 96 57
95 1 66
89 41 2
20 31 55
13 27 43
56 21 98
72 13 84
96 49 42
62 83 28
24 51 25
2 48 4
0 73 21
78 23 41
6 78 72
47 84 91
19 66 71
95 81 18
69 57 57
37 13 76
76 60 90
19 60 28
50 35 13
65 42 6
83 65 38
99 43 66
23 32 53
5 84 76
82 91 19
95 31 29
96 95 86
18 10 25
67 63 52
12 62 60
88 47 43
39 62 22
30 76 8
93 3 8
77 54 60
82 89 31
39 9 15
26 17 33
10 47 52
6 76 44
35 91 83
89 48 82
73 44 96
25 65 82
75 10 93
51 33 58
23 19 10
16 75 61
70 33 67
18 19 60
45 87 52
51 68 47
57 59 61
12 83 91
20 94 95
61 72 61
93 26 41
90 72 32
62 1 94
81 68 74
40 10 6
33 7 25
35 43 85
32 79 1
34 16 40
25 16 53
78 88 23
80 88 54
63 76 38
77 58 10
7 70 53
88 86 6
66 17 89
7 91 20
83 43 6
36 73 14
21 5 73
55 23 94
38 48 86
76 38 79
64 84 1
37 57 37
72 30 12
79 50 9
47 43 31
4 35 57
24 80 87
54 12 68
39 93 35
48 65 19
82 7 67
44 3 87
70 80 11
88 27 13
68 53 83
14 88 73
29 72 6
98 77 41
37 45 19
30 79 39
80 94 56
76 97 99
58 12 5
6 17 48
18 20 66
75 22 14
33 30 13
48 40 68
13 10 93
36 19 87
28 52 90
41 9 55
75 28 45
30 57 10
58 21 49
13 71 69
41 45 44
18 24 11
15 94 60
61 59 74
18 48 24
84 39 56
84 44 95
24 69 2
41 5 79
24 60 87
75 9 33
8 2 22
26 50 43
72 25 94
81 69 79
31 59 21
69 72 86
36 59 97
63 36 8
34 86 16
33 63 15
82 12 32
0 51 40
82 3 63
31 64 84
3 66 49
73 68 10
81 67 74
40 89 88
35 2 42
40 69 88
50 98 31
31 41 27
24 13 18
98 1 21
93 14 37
39 17 57
67 47 51
50 22 83
21 27 86
63 32 91
71 33 95
44 82 78
25 37 81
58 63 1
87 7 14
71 22 54
78 10 88
66 51 67
12 11 80
90 88 73
19 83 53
91 57 67
53 94 88
77 89 91
88 28 24
56 75 57
83 35 23
43 70 94
29 8 32
88 80 10
33 1 19
61 11 80
1 78 13
58 10 32
44 75 30
28 75 67
95 35 34
10 84 60
67 56 32
4 19 55
1 91 78
37 43 41
49 68 97
95 34 68
95 30 77
75 51 61
0 6 26
38 84 55
90 18 94
43 92 23
70 31 23
68 44 33
39 27 63
12 66 59
85 79 28
97 4 82
20 16 68
56 48 48
56 16 62
97 33 39
89 91 29
76 5 52
42 16 29
78 42 9
40 82 6
38 82 43
92 79 18
90 75 60
70 10 59
75 81 71
4 23 46
41 16 30
90 68 15
58 84 66
42 72 9
63 55 16
50 96 3
15 2 86
67 83 94
56 68 20
1 71 65
20 22 18
36 58 43
12 47 82
28 12 77
3 27 81
70 41 96
13 82 46
56 34 31
19 56 34
6 5 72
68 80 36
27 24 74
39 67 80
31 1 77
22 99 66
28 8 70
72 11 76
53 91 66
69 19 29
26 13 29
27 23 4
91 85 56
66 82 88
3 36 3
75 95 34
65 51 40
67 33 30
59 40 81
25 86 92
50 52 93
70 87 73
28 55 38
30 35 10
48 46 49
11 0 79
97 78 63
63 98 47
4 77 69
45 63 93
49 99 60
38 40 61
6 9 20
90 77 98
0 72 32
39 49 42
38 55 34
52 64 63
8 50 11
94 52 29
14 57 26
83 24 99
20 48 94
25 67 79
60 35 42
93 83 33
60 73 57
75 43 63
34 84 68
25 47 51
53 36 75
65 85 96
29 2 48
28 22 35
4 78 31
42 60 63
91 26 39
32 65 87
51 31 71
95 50 1
93 85 49
99 80 91
57 1 31
80 91 53
14 98 23
79 80 49
2 0 6
91 42 86
19 58 53
4 39 10
53 69 62
51 47 69
43 63 94
44 73 20
64 56 42
63 57 84
98 91 84
64 87 55
66 71 96
45 99 48
62 22 62
46 48 28
35 15 13
7 64 49
13 32 50
35 16 73
9 35 98
52 26 29
45 40 88
31 9 79
77 29 43
77 72 64
5 28 81
45 43 88
34 91 36
42 90 44
4 97 52
0 96 40
79 61 74
22 31 47
65 60 38
11 20 31
12 86 5
64 90 19
85 70 62
32 42 7
53 35 51
91 24 60
51 40 45
16 19 39
45 56 91
29 1 83
55 7 80
23 36 83
13 12 55
92 22 13
59 55 19
29 3 58
82 56 32
22 62 75
17 55 27
37 34 21
76 63 8
31 63 59
98 48 56
16 71 48
83 44 16
33 65 30
27 40 39
9 16 8
53 29 75
98 57 63
48 61 74
56 9 77
99 49 23
29 67 73
84 72 9
67 66 98
30 8 80
66 85 10
45 97 33
44 26 89
9 0 49
79 94 45
93 52 56
56 26 45
28 44 92
94 89 55
11 23 94
81 31 70
38 69 32
69 45 99
82 25 43
89 49 95
60 11 62
34 67 50
46 3 91
51 46 71
83 73 61
14 85 1
4 92 40
46 36 22
79 67 59
65 79 10
7 50 27
8 92 12
77 52 49
21 14 25
56 98 87
66 60 37
48 43 61
68 50 86
58 27 68
30 95 75
83 92 50
47 55 99
79 70 27
93 25 96
29 35 94
30 49 57
68 25 77
59 48 65
24 21 67
68 19 92
19 62 28
45 52 37
3 0 74
91 35 65
65 5 13
20 40 20
51 76 71
51 45 90
66 19 35
96 85 36
20 8 20
37 20 39
23 35 81
50 49 11
77 96 91
53 98 71
26 29 83
39 65 65
25 11 80
28 80 68
90 29 87
50 3 55
12 44 72
80 38 23
85 94 67
57 40 55
70 96 65
76 88 88
66 8 15
86 65 54
11 36 78
4 33 53
28 47 33
78 26 7
82 77 64
27 65 71
44 74 36
92 88 54
11 5 14
38 7 23
27 37 55
90 71 55
33 3 57
35 23 31
50 60 14
35 46 68
11 89 85
48 6 70
18 52 38
5 87 16
13 52 23
70 17 2
32 95 7
43 21 89
48 66 83
22 7 13
24 97 3
60 21 74
99 42 84
90 9 10
91 55 80
87 32 72
87 81 21
56 92 15
72 58 13
12 16 37
68 65 41
6 80 40
62 8 93
36 77 7
29 21 40
15 96 85
87 8 58
31 11 51
75 91 97
16 53 22
1 13 84
93 28 27
88 58 38
7 66 81
73 74 3
20 91 93
63 0 24
42 2 93
59 47 45
62 17 41
19 40 30
46 31 46
24 38 61
48 52 8
21 16 26
45 50 76
89 87 32
5 29 79
66 65 42
82 10 63
42 66 11
46 43 90
82 22 32
70 5 98
70 19 79
46 2 23
17 7 13
13 40 27
8 4 58
0 79 49
37 71 65
69 30 46
89 38 11
90 5 20
26 42 5
33 46 87
40 11 65
79 97 37
63 18 87
61 80 9
92 13 80
69 2 95
30 15 54
35 13 39
77 45 9
47 69 49
11 6 30
24 68 83
34 39 94
30 55 25
91 95 57
46 84 62
81 3 39
92 80 23
3 80 92
52 67 83
63 3 36
76 50 76
81 70 65
15 13 67
11 42 57
51 98 72
82 99 92
80 63 40
43 61 29
56 96 78
10 39 58
19 50 17
49 62 44
50 82 8
28 35 71
41 70 52
85 93 2
67 40 9
83 20 83
85 5 70
83 48 37
50 93 14
70 38 43
55 79 83
12 27 31
89 92 70
20 90 73
3 12 46
76 1 77
41 33 30
67 21 74
47 95 28
68 55 8
87 54 64
28 2 47
42 82 36
38 91 21
60 56 11
11 97 87
64 10 20
78 84 16
68 43 38
98 7 88
43 16 86
44 27 11
86 53 55
21 36 93
99 40 67
0 94 36
77 24 18
70 36 74
43 47 44
24 3 81
59 60 41
31 83 50
57 72 79
16 7 41
82 2 97
82 16 83
70 32 78
40 79 7
11 25 46
9 30 3
57 95 59
90 61 96
80 6 36
31 95 99
4 99 56
4 2 97
26 45 24
10 27 57
13 96 44
41 32 59
2 1 49
27 61 47
16 61 79
89 17 72
85 3 58
96 92 8
20 15 22
80 31 98
15 84 76
41 77 64
70 11 75
36 40 48
81 18 84
43 52 3
64 35 25
91 37 98
62 53 21
72 45 74
71 10 93
14 1 16
47 9 79
79 40 34
83 71 6
87 99 94
6 50 19
78 8 21
34 10 54
48 36 49
91 13 50
1 44 81
83 85 96
49 33 80
45 62 7
62 54 65
93 19 10
83 29 56
81 11 69
26 88 4
75 12 8
88 53 35
0 65 66
35 82 33
67 37 13
56 83 7
23 0 83
93 2 7
9 14 21
26 86 37
59 32 97
96 4 15
81 54 12
59 6 23
54 98 72
47 87 11
81 64 57
46 13 4
60 29 44
61 14 99
30 58 3
49 12 7
44 62 98
86 34 44
60 95 91
59 22 85
41 83 63
53 14 51
37 98 56
77 63 53
94 29 75
58 75 97
68 34 54
45 13 57
12 64 58
15 64 87
47 63 71
76 22 64
35 32 5
46 14 9
44 83 74
5 52 32
17 48 8
45 59 26
52 56 19
11 74 42
90 54 97
17 46 22
3 44 3
66 33 6
58 6 87
86 55 43
99 17 91
68 38 72
38 59 2
52 40 70
20 75 83
50 34 13
69 81 28
27 33 55
46 88 63
70 98 37
16 56 9
22 76 63
34 74 14
5 18 24
29 95 12
54 11 91
77 33 70
17 6 58
26 48 69
48 19 84
73 96 27
66 12 91
2 14 97
88 87 73
78 86 65
52 61 11
42 62 16
47 41 57
36 38 51
61 39 99
36 13 53
78 87 42
87 65 70
9 51 93
94 40 50
74 27 87
61 7 34
35 12 87
73 90 6
77 64 35
46 33 19
67 36 29
38 39 95
99 76 81
53 87 30
94 1 50
63 77 14
98 3 57
41 18 11
37 58 1
24 35 43
90 64 72
54 23 42
5 82 37
31 26 11
7 11 76
28 67 37
92 53 30
56 43 48
76 21 87
48 33 28
33 34 37
82 39 11
80 93 21
73 22 4
23 72 96
13 34 35
65 69 12
20 19 59
9 75 40
98 19 47
17 64 32
74 31 69
65 11 65
52 71 66
63 4 30
40 14 42
36 29 36
65 0 32
1 82 13
49 47 66
39 41 30
55 70 82
58 87 50
43 38 55
21 76 55
15 25 67
15 87 48
27 67 17
58 18 21
37 26 42
84 0 28
3 53 96
2 93 44
63 70 32
32 37 89
88 34 45
37 52 6
76 7 20
90 43 56
33 64 34
5 7 39
48 56 47
54 69 26
26 2 96
12 59 67
16 39 87
21 98 35
46 27 96
51 79 34
30 28 8
68 96 5
3 50 99
6 32 85
92 61 22
58 49 15
22 94 1
55 84 35
79 38 17
46 17 10
50 30 92
34 50 99
97 50 59
93 99 9
79 90 81
23 86 33
83 11 80
1 17 53
33 21 37
23 74 99
27 64 82
36 70 52
56 99 39
21 7 73
24 65 71
37 64 70
86 44 95
34 8 46
93 68 79
76 58 54
92 59 86
29 30 69
92 81 85
52 70 12
34 38 97
82 35 73
93 38 41
22 86 46
16 18 77
14 75 60
53 15 3
26 21 72
36 31 32
85 22 15
16 38 53
37 86 63
45 54 62
75 63 93
0 37 19
92 46 70
46 94 9
32 55 42
20 74 19
66 62 81
41 58 67
46 71 44
84 33 27
67 64 15
73 52 94
22 15 96
51 50 66
17 94 47
50 19 92
41 96 65
23 75 27
33 77 31
53 26 8
2 49 48
38 15 74
10 67 45
84 82 51
96 6 95
63 35 84
28 30 38
16 26 31
52 19 80
85 51 69
34 3 7
21 29 44
11 32 29
41 62 89
91 70 92
8 30 21
4 53 35
21 74 4
10 5 80
29 57 44
90 93 46
94 81 85
11 45 44
67 45 19
51 38 42
66 69 78
44 66 50
3 31 34
12 25 8
25 28 99
70 23 67
33 73 98
52 21 50
19 42 45
22 41 3
66 58 82
32 26 77
86 37 30
21 8 69
44 8 80
80 33 83
15 0 66
80 53 66
85 81 34
44 4 56
22 33 27
55 93 97
81 63 76
3 70 19
52 75 51
13 21 90
73 13 40
62 14 44
30 38 16
99 85 7
51 73 80
42 64 64
85 44 75
56 86 15
50 54 8
56 27 61
31 42 77
96 30 52
54 73 13
57 2 91
46 47 76
44 19 86
93 60 14
5 15 64
33 69 87
52 78 65
77 18 34
27 21 14
59 49 61
32 44 15
7 89 35
24 33 19
10 14 22
25 7 75
96 89 77
0 69 19
99 52 96
23 30 52
38 45 52
45 42 97
35 31 99
90 13 6
79 93 45
15 60 72
51 35 23
89 32 35
39 54 50
62 20 3
39 94 41
64 73 30
6 94 10
39 31 10
84 4 63
24 82 9
69 27 31
39 63 22
51 20 13
3 57 70
56 87 28
61 51 33
35 47 58
6 69 15
2 25 63
40 90 80
81 12 28
28 9 59
58 43 14
25 40 54
15 17 88
31 79 47
36 3 84
58 41 8
47 65 50
34 78 82
14 69 27
5 62 68
59 14 71
18 21 71
48 85 26
92 38 79
90 60 78
70 99 7
60 5 52
81 78 50
67 27 2
38 93 54
75 69 14
7 27 39
78 37 18
89 80 73
25 79 71
29 42 34
62 85 57
50 76 33
11 71 83
19 37 93
97 51 38
76 15 66
66 34 91
2 69 94
28 37 11
17 82 81
96 37 3
90 35 50
41 84 30
74 51 94
13 95 25
63 53 67
19 91 15
29 17 43
99 62 84
76 36 72
37 69 4
35 11 45
46 86 23
32 84 70
38 43 51
46 44 30
79 36 26
69 29 82
98 34 76
59 56 50
7 79 15
46 5 73
94 74 40
20 86 2
65 54 66
23 64 66
62 15 31
72 87 90
97 61 73
15 99 58
41 49 32
90 6 33
76 65 50
70 4 46
0 56 36
14 83 56
12 17 22
35 79 26
46 61 98
27 5 1
66 91 41
23 57 35
75 96 26
17 36 22
92 9 62
60 0 15
67 39 93
49 50 9
42 32 56
74 83 21
5 71 18
83 97 12
96 3 84
41 75 20
13 81 3
46 99 99
47 31 94
69 76 13
56 80 80
45 85 66
42 76 17
59 39 38
33 74 28
82 59 22
7 74 78
43 97 32
38 86 34
48 7 55
94 97 42
83 12 26
96 98 42
21 91 55
35 6 69
72 40 74
75 13 46
23 16 99
86 13 13
58 90 1
93 24 60
2 62 16
9 74 98
40 65 95
45 19 98
61 68 48
91 27 89
54 85 33
17 40 26
0 68 98
93 56 19
81 60 43
42 63 11
49 23 68
32 75 34
17 29 24
94 30 64
62 23 6
61 35 83
53 67 80
78 95 98
55 62 91
76 6 5
78 55 93
2 31 59
11 2 91
14 26 80
21 34 81
17 54 61
27 30 62
47 8 34
97 93 48
92 34 46
60 48 37
7 45 39
40 41 81
22 83 90
31 57 52
69 26 40
10 45 40
61 70 24
72 12 20
69 55 59
8 75 57
67 32 15
64 85 98
39 53 34
60 85 24
1 85 49
25 23 88
49 25 4
94 34 35
20 67 78
49 18 45
70 76 38
92 62 95
90 50 95
10 3 84
4 29 50
65 86 62
85 39 82
62 68 81
60 42 18
89 10 71
15 70 93
30 93 98
10 25 11
24 74 86
29 50 97
2 92 49
39 29 71
88 44 78
51 0 4
32 2 23
31 65 37
43 46 94
56 22 69
74 72 27
54 91 45
68 51 34
33 89 15
84 59 86
47 59 25
12 70 99
27 9 81
60 2 28
43 84 89
8 83 77
99 50 62
55 75 42
10 78 6
98 49 18
88 24 45
92 29 61
54 55 53
92 0 75
94 4 11
18 56 18
88 57 60
87 43 56
43 95 66
10 64 44
34 49 75
69 98 99
2 64 53
75 40 11
25 82 7
41 15 57
44 94 65
10 46 13
74 73 33
88 11 87
27 86 68
8 27 27
17 33 55
26 90 18
5 1 23
79 68 3
84 36 33
20 0 94
58 99 15
73 57 3
29 87 37
78 30 99
17 16 8
32 73 87
4 30 55
18 64 41
81 42 48
77 23 96
38 81 36
94 41 55
76 16 3
62 21 48
50 48 79
59 75 53
1 59 24
70 51 7
53 82 51
33 35 91
0 82 10
75 49 17
13 55 48
25 89 15
81 43 68
75 80 28
20 58 69
34 79 11
67 24 25
54 89 80
1 94 88
72 49 48
11 3 13
57 54 62
36 10 61
68 2 34
99 38 72
54 96 23
2 94 22
49 51 37
28 51 79
12 35 45
51 49 32
61 28 18
68 22 50
31 24 85
78 33 83
56 12 15
33 75 82
62 42 76
57 39 7
23 24 78
45 79 87
95 3 13
98 81 14
39 12 93
0 15 64
10 87 76
62 72 17
47 60 13
55 0 58
33 37 57
82 33 6
43 77 61
63 40 53
20 2 25
5 94 80
1 3 6
7 68 52
55 54 8
59 78 87
34 7 65
28 78 54
85 64 26
60 67 22
51 75 86
61 30 68
1 43 37
8 15 55
91 32 35
81 17 45
33 43 68
26 14 64
38 46 29
22 63 39
1 96 88
58 67 5
49 66 30
39 2 85
87 83 94
94 58 59
58 60 86
98 90 78
52 33 78
51 97 37
96 61 66
18 61 17
70 30 35
6 88 6
59 44 37
44 41 17
35 92 16
87 74 66
91 45 93
20 81 56
90 53 37
0 34 70
30 83 14
23 56 85
55 5 15
77 39 2
50 42 63
24 71 41
53 52 28
14 38 57
93 12 74
49 0 1
8 19 63
56 52 56
45 36 43
34 42 2
24 70 57
50 56 84
20 57 52
66 32 4
86 32 13
89 95 35
59 24 90
65 22 77
26 78 46
27 3 32
89 6 81
49 1 95
45 18 54
64 86 61
37 0 54
56 17 52
80 97 59
28 17 80
99 64 24
47 73 56
22 17 69
13 16 45
1 41 30
65 46 98
18 99 91
22 98 70
40 62 74
91 18 48
72 8 74
60 63 1
90 81 4
18 63 18
70 68 51
85 46 76
26 68 95
37 48 90
54 50 96
42 81 31
3 21 72
30 73 22
20 92 81
41 1 68
15 58 43
93 72 25
61 38 61
58 81 32
42 79 57
58 65 11
11 98 87
91 82 88
49 63 67
41 4 19
87 25 60
2 3 69
20 69 33
87 76 69
59 85 67
61 99 61
72 28 43
19 46 39
21 47 7
46 20 19
0 49 72
24 62 47
3 98 85
61 1 5
63 66 34
61 20 5
38 61 8
74 38 41
96 51 61
2 38 75
41 31 96
79 42 5
87 31 13
25 64 92
27 7 64
6 10 73
2 18 63
91 54 76
78 64 90
59 57 2
65 34 48
91 34 53
81 66 95
14 55 40
35 9 36
45 26 47
60 23 65
80 85 73
27 10 71
23 2 48
10 63 33
44 91 82
58 47 91
3 77 5
8 40 14
98 72 4
76 69 84
41 24 78
99 51 57
91 66 3
26 63 7
61 41 3
94 51 14
96 76 71
84 70 4
28 91 3
99 53 36
3 24 7
9 76 39
94 77 95
94 21 61
95 14 48
82 71 8
5 35 46
2 24 19
81 13 97
53 92 15
50 61 5
25 75 66
0 89 54
26 99 67
59 53 25
90 12 2
89 90 70
80 26 31
38 32 15
84 52 4
17 4 50
5 61 84
10 22 27
4 48 95
55 6 49
37 91 26
77 10 7
58 7 77
44 97 39
69 43 64
50 87 85
63 26 37
99 98 92
33 91 97
24 2 25
90 73 38
8 61 58
87 27 57
79 15 44
96 2 66
92 66 14
34 15 93
17 68 74
63 27 55
7 52 91
92 98 40
41 81 7
16 81 36
6 27 85
29 83 6
39 85 47
26 35 62
54 76 30
56 70 45
94 85 40
89 13 12
34 48 53
25 49 84
81 79 46
45 48 54
72 76 77
64 31 87
88 12 52
89 86 57
51 48 7
59 86 3
41 99 17
41 89 47
98 97 76
82 96 98
55 85 94
2 80 24
91 86 94
4 59 28
87 40 55
8 31 45
47 7 83
37 21 24
7 65 9
5 39 20
12 99 97
57 9 4
53 66 52
8 24 32
39 33 33
21 81 30
27 49 4
87 28 77
15 27 87
87 10 21
23 43 10
27 1 5
77 19 33
47 15 32
28 84 84
47 49 36
87 77 76
47 16 6
27 79 54
39 81 63
80 89 88
55 90 34
95 55 70
34 18 71
79 7 8
3 63 17
15 53 27
8 59 94
9 17 86
76 94 35
79 10 77
22 60 97
39 44 89
97 7 54
51 54 82
34 19 45
30 75 49
91 40 45
26 25 1
84 86 71
61 57 36
43 89 51
4 89 49
58 23 44
79 84 86
38 37 69
66 38 44
78 48 21
32 18 12
43 91 71
21 40 51
15 95 14
0 9 23
90 91 56
82 43 54
50 95 29
21 60 82
41 54 59
5 98 37
65 88 72
54 5 41
13 43 48
51 74 49
50 72 20
99 90 9
85 89 22
77 65 59
62 19 32
77 9 7
18 13 90
64 7 22
17 9 88
12 4 14
44 30 7
91 98 91
33 51 94
99 75 90
41 85 67
63 16 81
16 63 43
41 53 48
16 50 40
94 38 57
44 31 9
67 17 20
28 76 45
93 18 97
58 44 94
71 37 20
6 64 13
77 69 52
32 87 73
39 47 28
42 94 77
95 69 68
80 37 41
66 0 63
9 96 31
48 81 14
34 60 22
10 69 98
24 78 43
40 58 67
28 54 4
60 17 3
30 82 42
92 97 71
1 9 1
86 93 62
21 83 97
29 33 55
24 31 7
56 1 6
73 31 95
8 82 90
98 66 73
83 78 35
38 14 26
67 14 17
53 54 38
3 88 53
78 66 47
49 5 68
6 99 97
40 95 65
5 83 98
44 56 77
97 3 53
83 93 30
36 99 63
24 44 37
53 49 72
12 18 92
21 71 9
11 59 69
38 79 38
83 46 19
48 82 5
71 6 65
35 22 44
7 82 42
97 16 13
96 93 54
40 38 23
52 98 12
44 40 58
32 31 41
66 24 27
31 33 54
71 42 7
60 36 46
72 89 51
18 33 66
65 27 93
82 87 3
91 61 10
33 58 50
82 80 50
54 77 21
56 90 54
87 98 69
55 86 74
76 32 28
65 38 49
36 23 24
94 43 70
99 88 19
65 93 67
8 38 3
58 37 19
51 10 47
85 47 55
55 92 25
92 27 99
65 23 58
30 85 74
64 49 94
57 26 85
13 74 83
95 94 83
73 37 54
5 9 38
86 23 96
37 50 90
14 72 57
33 11 34
15 88 23
27 57 6
1 95 98
15 39 6
40 32 32
17 30 78
62 18 42
46 59 54
29 22 12
87 89 64
89 61 97
39 18 89
13 38 56
51 80 19
44 54 1
45 24 95
85 91 57
22 52 45
66 22 31
86 40 82
42 30 91
77 40 19
48 79 97
49 21 22
17 22 77
38 44 29
3 38 25
28 79 36
49 86 62
46 85 4
69 63 78
1 42 57
89 45 44
34 77 21
84 2 57
22 10 53
39 55 64
41 67 85
67 55 81
15 1 14
63 83 12
42 86 15
26 76 4
21 52 12
58 62 76
12 82 46
49 59 27
26 97 66
23 1 93
92 23 20
50 68 59
98 13 80
69 91 4
79 87 92
14 86 73
93 59 30
76 77 54
46 26 91
74 84 55
66 76 79
9 7 23
50 78 90
69 65 98
69 25 56
77 32 88
20 78 5
31 13 39
10 38 12
96 5 68
59 88 3
71 94 16
11 31 62
74 78 75
92 74 87
15 85 42
76 39 63
52 2 81
75 84 68
28 34 55
0 13 41
97 29 94
44 29 63
79 14 60
51 13 27
78 21 34
7 86 87
68 91 53
11 27 48
74 7 54
26 66 19
86 91 11
61 85 45
40 6 32
83 32 54
58 38 81
56 8 91
53 25 79
26 82 29
43 76 69
7 37 29
84 21 71
39 21 21
45 16 66
44 2 34
1 73 29
36 2 76
81 26 51
73 16 64
90 78 36
16 28 3
19 75 29
22 11 24
78 36 90
88 59 91
63 74 2
1 23 20
54 49 92
95 4 75
58 13 93
83 33 9
83 87 44
65 87 16
40 34 81
60 84 18
42 80 78
67 99 93
47 75 20
60 94 78
24 72 1
23 59 22
0 62 88
7 51 68
1 7 33
23 29 86
44 55 87
62 99 6
53 17 81
42 37 62
14 9 36
6 67 52
20 72 12
47 33 34
26 95 48
78 57 26
32 91 81
48 84 89
67 13 93
58 11 56
3 68 47
48 1 90
29 39 36
51 16 72
93 34 1
13 26 70
49 26 43
76 68 58
24 26 35
63 42 24
54 15 59
96 91 98
75 93 11
12 52 47
61 94 40
48 23 58
26 81 77
55 96 41
26 89 25
12 73 31
68 74 22
36 15 46
3 89 9
15 36 16
59 81 52
67 18 86
55 66 55
35 72 68
94 37 7
28 27 16
67 6 96
76 0 33
4 87 2
17 31 40
0 16 39
42 47 81
20 35 23
95 98 53
27 68 2
6 23 64
25 46 47
65 41 84
37 88 8
45 80 53
43 44 54
8 49 15
91 56 54
26 84 17
10 76 80
32 13 84
43 29 76
28 3 86
70 16 73
96 80 34
41 86 70
10 4 22
92 73 15
65 45 87
45 5 95
76 92 60
73 99 65
86 14 58
64 34 12
48 95 65
2 72 44
79 43 91
26 62 63
14 84 25
4 31 16
47 39 57
21 3 25
79 27 73
33 56 84
66 4 49
12 55 97
84 81 62
38 20 99
72 29 75
6 42 29
52 59 99
50 80 47
54 57 97
24 6 24
5 55 66
24 28 71
17 88 56
71 15 38
96 88 83
29 47 21
68 61 90
26 19 19
88 49 18
9 90 17
11 47 92
32 99 5
30 3 95
40 68 27
98 16 2
4 56 50
46 79 9
98 89 3
45 22 93
72 23 90
36 0 95
22 1 22
93 33 84
90 19 3
39 11 72
27 71 78
16 90 31
30 50 87
35 96 54
76 56 78
66 36 35
6 98 94
74 37 9
98 78 20
67 53 43
26 94 64
25 92 87
99 15 43
5 78 93
18 81 59
56 3 20
45 9 83
17 83 63
92 26 9
87 84 71
81 47 23
84 90 46
16 23 60
87 45 58
84 95 43
18 4 90
1 31 37
20 77 63
16 43 31
90 94 50
2 57 5
50 12 11
63 30 85
61 48 14
40 53 75
89 56 69
53 45 20
62 44 54
61 15 96
46 89 88
79 86 45
88 17 60
86 0 49
52 93 24
37 40 72
16 84 58
91 7 89
32 59 52
22 81 81
69 66 75
27 38 54
17 60 16
87 92 23
49 73 6
92 35 77
19 70 43
74 17 97
28 81 97
93 32 45
91 94 32
69 99 89
40 98 69
62 95 24
28 56 47
92 56 89
85 80 92
93 80 18
77 60 32
36 34 10
30 64 9
92 6 21
94 16 20
61 92 59
3 41 35
30 32 40
78 75 63
27 96 26
81 50 83
75 65 32
63 22 45
15 46 29
30 90 50
76 84 93
97 2 55
71 77 76
77 78 94
67 69 15
10 7 18
46 23 62
35 42 2
6 89 35
13 69 73
92 60 44
48 90 9
98 79 59
18 96 98
14 41 58
23 70 95
44 96 96
93 64 2
7 5 3
46 90 42
71 98 86
83 67 37
28 36 70
28 41 27
87 4 62
17 1 63
8 79 89
32 34 83
94 60 63
30 31 23
97 0 59
23 99 59
71 57 44
74 9 52
1 68 43
3 32 59
50 67 33
38 71 62
84 78 19
79 2 21
65 29 84
79 29 1
29 40 96
0 27 73
44 21 15
78 60 26
60 88 64
79 28 34
33 84 42
27 28 37
23 22 12
87 41 72
17 71 1
54 95 70
85 16 68
70 58 47
40 2 91
61 40 32
73 32 25
31 20 9
3 5 96
93 30 34
70 81 19
92 21 90
93 77 42
5 45 90
68 28 72
81 61 67
52 90 71
53 23 54
78 62 57
19 35 15
12 26 70
59 33 76
18 11 15
75 94 13
97 91 73
90 49 45
86 38 6
16 20 2
59 89 28
70 14 25
17 86 38
70 67 99
16 73 99
70 92 43
36 52 13
78 93 99
88 82 36
42 34 80
7 54 19
16 74 74
46 29 91
92 68 54
81 51 7
21 69 36
81 74 36
66 73 37
83 40 59
94 11 86
58 40 3
4 5 35
56 65 12
22 89 84
41 34 49
63 14 96
91 49 69
88 96 93
53 44 67
1 81 81
78 9 22
28 15 38
96 13 40
20 84 45
92 95 26
44 98 31
83 18 24
15 23 29
46 28 19
34 41 92
38 57 33
34 51 68
52 74 89
2 53 58
15 91 51
86 68 73
35 5 21
28 63 50
71 83 45
12 31 76
33 55 42
53 78 21
91 15 16
57 27 52
48 24 3
91 44 77
89 59 23
99 61 6
14 45 98
47 92 75
25 76 60
9 4 6
13 72 67
86 63 62
70 9 26
99 16 91
48 27 32
80 32 40
54 74 12
96 69 37
94 20 11
46 32 51
14 6 41
21 6 97
63 92 34
37 46 30
14 3 28
53 75 29
98 61 4
1 5 39
80 48 86
21 10 91
62 25 72
48 32 31
73 76 21
76 33 99
9 73 90
30 43 74
73 81 73
78 58 19
14 62 68
93 96 32
43 9 99
66 88 62
24 98 74
23 28 44
53 46 32
93 40 98
55 24 92
41 6 76
47 89 45
78 70 32
4 34 1
98 24 6
77 4 99
5 77 26
4 98 24
58 42 57
15 26 76
7 98 96
15 80 44
1 74 7
56 11 68
6 52 22
81 4 77
8 48 96
94 25 49
97 18 84
97 20 62
35 97 7
40 44 13
97 94 98
19 29 17
57 25 43
83 45 74
47 21 44
30 71 92
97 65 57
34 1 57
63 84 56
81 35 19
65 89 9
81 38 10
80 73 29
56 89 98
91 60 29
40 33 40
6 31 29
78 6 6
48 87 71
33 68 18
22 21 50
72 50 64
86 28 46
91 72 39
2 97 32
24 15 81
9 3 10
4 62 70
74 87 5
63 87 52
23 73 13
87 59 68
80 55 37
78 96 49
55 83 44
73 70 68
68 33 78
71 74 35
64 74 64
44 63 53
97 47 88
72 53 55
15 47 30
74 20 49
27 13 62
19 79 88
24 91 10
39 22 69
32 82 75
54 47 16
67 58 62
57 65 86
73 56 35
75 29 88
58 61 45
6 25 90
91 30 18
66 5 4
87 13 98
80 83 26
83 58 8
80 82 27
59 54 23
98 31 6
90 10 11
83 98 13
54 17 73
76 73 13
39 37 63
5 67 79
59 16 14
43 55 35
50 57 56
86 85 70
60 98 51
87 64 71
86 45 60
14 40 48
81 39 7
8 69 2
10 82 40
52 14 3
11 57 38
62 36 81
16 72 68
42 73 22
81 62 38
92 58 34
41 10 50
11 85 48
6 29 27
40 21 79
44 38 1
13 78 73
30 18 29
9 46 40
32 93 83
21 33 25
73 47 88
30 67 60
18 93 71
98 74 2
80 30 79
44 60 55
60 52 25
18 76 78
27 69 58
82 31 71
11 41 59
55 36 86
86 3 54
9 72 58
0 5 97
29 82 79
85 69 81
31 51 94
2 51 88
78 47 64
85 31 63
73 48 18
48 53 22
90 65 38
77 68 45
59 11 36
80 74 13
59 45 72
68 10 79
49 11 95
55 95 64
26 37 48
57 69 56
82 83 32
73 62 6
71 75 48
34 45 52
99 82 13
54 88 35
5 50 96
49 20 91
80 59 43
61 22 53
36 49 43
15 42 61
96 70 70
44 25 15
92 14 81
37 97 53
8 28 99
82 30 89
22 64 37
81 32 91
87 85 55
82 38 98
88 42 40
59 28 84
81 90 75
41 48 89
24 11 35
99 6 97
25 20 38
21 48 20
94 6 87
59 4 86
96 72 6
90 23 79
27 0 7
56 41 20
68 83 15
92 55 52
65 25 98
66 23 6
52 53 25
14 34 87
87 14 30
35 17 77
17 39 16
81 20 62
9 71 52
29 15 68
64 63 23
81 77 42
42 19 76
2 5 71
64 26 32
5 76 78
58 35 92
43 57 18
57 76 6
57 20 81
73 33 20
26 6 93
70 78 95
27 94 61
11 56 10
28 40 9
29 69 32
55 88 23
67 73 60
23 52 51
98 0 5
83 10 40
44 16 46
64 8 63
61 47 4
79 18 24
20 87 70
87 38 22
96 7 97
56 94 20
78 56 37
99 18 82
64 80 5
83 59 45
81 49 41
22 74 89
61 83 53
21 45 81
21 53 24
23 61 24
18 83 82
39 42 63
19 5 54
80 39 68
37 81 82
63 41 34
73 72 61
1 88 24
53 21 75
73 78 15
8 12 4
68 40 60
82 0 53
63 65 98
77 93 68
60 39 77
59 34 47
75 55 30
64 82 66
57 35 63
61 75 33
14 16 65
87 36 27
27 55 4
63 72 78
5 56 49
84 56 68
26 70 25
23 39 32
9 36 15
0 33 63
74 66 89
74 93 42
67 93 61
30 94 80
72 6 54
0 2 64
81 92 30
41 13 85
6 0 92
4 43 47
64 53 64
30 37 42
23 83 70
16 54 84
0 17 79
36 90 8
2 30 70
33 62 9
67 74 17
41 12 10
33 70 6
15 28 65
54 45 6
11 75 59
50 88 86
22 47 76
84 6 77
14 97 69
68 60 53
53 20 9
39 50 16
29 26 32
90 34 3
72 74 66
20 39 99
93 81 4
39 56 96
6 96 93
56 40 71
21 31 31
69 62 56
17 23 81
8 65 12
62 33 80
6 14 29
87 55 65
0 18 68
21 37 56
69 94 11
9 55 91
67 50 89
58 66 34
24 94 1
72 66 41
9 6 51
77 97 13
92 63 66
16 6 82
11 66 5
59 43 60
89 55 48
28 82 96
45 81 84
76 61 91
90 24 89
98 64 26
25 35 10
12 58 3
80 0 8
7 85 75
72 61 61
5 42 16
32 19 72
37 38 32
80 19 50
95 91 95
54 6 32
10 26 20
40 84 40
65 6 55
43 39 23
32 61 61
65 53 76
57 93 95
94 53 71
79 55 72
60 14 6
14 27 86
88 81 38
86 82 23
25 70 79
18 17 55
27 2 69
64 15 6
14 71 95
14 61 22
20 3 83
51 77 22
17 45 39
38 60 78
11 55 53
47 58 29
83 82 56
69 64 56
72 96 77
96 14 30
15 38 39
33 44 75
80 24 66
13 19 96
28 68 98
25 80 63
67 26 67
92 70 4
89 25 77
99 77 63
97 71 72
13 48 8
27 6 87
62 84 90
17 78 48
69 37 88
21 64 37
6 16 42
19 28 77
16 97 16
79 76 52
68 20 92
97 98 47
70 84 27
27 20 51
96 56 83
53 41 51
57 98 32
63 28 58
54 67 97
7 13 71
19 45 68
12 71 9
54 83 6
69 18 79
54 24 32
13 53 87
43 96 36
27 19 27
54 40 52
10 29 46
27 51 7
19 3 52
31 61 31
17 34 72
1 15 25
35 66 86
33 48 95
84 9 54
83 56 62
11 9 1
62 67 97
36 6 98
58 48 20
52 94 89
32 71 56
96 32 40
77 98 76
93 67 64
76 37 71
75 27 88
27 74 12
12 2 17
0 12 18
98 44 1
7 10 88
89 84 88
72 95 20
84 55 47
44 14 36
44 17 50
43 15 98
89 52 62
55 2 81
50 13 59
4 68 38
42 33 68
57 5 56
35 80 75
5 43 91
83 69 61
41 17 49
35 76 60
43 1 8
21 39 6
5 4 58
46 22 41
46 4 82
77 13 49
48 39 99
77 99 83
11 35 5
63 8 90
23 77 53
88 29 12
20 13 15
48 83 60
34 55 28
32 24 76
82 78 2
29 49 25
61 5 98
34 44 92
13 18 27
74 81 29
23 45 36
8 66 22
30 13 75
79 58 62
97 90 8
4 70 39
31 37 90
91 46 88
41 20 76
19 43 51
14 95 2
66 42 26
98 4 27
1 39 12
51 32 13
94 95 20
30 39 27
47 78 95
85 58 66
56 25 19
74 70 17
19 21 35
48 38 73
54 7 63
54 90 30
1 66 21
86 83 46
75 26 89
29 0 1
96 63 79
22 85 61
80 44 93
13 66 28
12 37 55
40 5 96
81 21 39
91 17 21
53 32 1
56 0 88
57 82 83
33 32 15
3 11 70
53 93 81
98 46 55
83 25 24
97 27 83
82 52 44
44 35 69
88 22 23
33 95 87
56 24 47
19 11 94
73 79 65
82 75 62
25 87 99
72 0 22
0 36 36
89 78 7
4 28 47
52 43 84
86 41 88
75 42 50
18 74 24
97 63 13
37 92 66
4 51 56
6 12 37
7 31 71
60 68 51
8 14 63
62 39 68
77 86 28
79 71 33
33 23 56
62 31 98
62 60 62
98 94 45
73 63 57
1 28 29
90 83 76
79 65 97
52 36 13
25 98 51
74 60 50
16 17 38
54 36 12
39 92 23
70 26 63
49 91 27
27 80 86
95 92 31
29 59 85
36 8 31
15 9 76
15 32 15
78 97 43
93 23 58
93 46 41
26 44 14
8 64 12
34 30 87
0 7 71
38 77 46
17 84 80
33 17 9
13 25 14
5 44 43
2 73 99
83 42 69
71 95 29
20 79 87
9 42 12
15 86 31
52 7 27
31 36 2
55 16 18
15 12 96
22 75 84
43 31 8
34 98 22
19 49 67
77 82 83
77 71 18
90 11 32
88 2 89
52 35 36
93 15 8
23 49 77
43 10 48
82 69 81
48 51 99
19 93 26
98 22 74
95 79 16
1 27 15
59 42 52
58 28 58
35 20 53
48 78 40
42 17 38
45 58 78
41 64 40
29 92 60
49 64 97
69 7 69
16 1 50
62 96 88
85 7 26
50 90 86
15 61 88
91 43 75
52 44 69
25 36 53
2 83 21
8 51 58
33 38 77
33 18 39
74 94 90
36 53 58
23 90 72
14 35 99
95 26 46
74 2 48
16 93 13
52 65 13
9 82 22
44 69 26
61 56 43
57 99 76
20 97 87
43 69 33
60 82 50
45 55 28
24 73 52
27 22 83
38 31 97
14 8 41
72 60 53
91 41 76
55 38 37
63 81 51
25 9 42
41 42 32
43 68 72
86 71 53
18 3 38
86 92 82
20 10 26
99 94 98
98 42 36
82 84 84
5 97 89
12 95 55
78 11 41
5 49 36
31 2 34
93 7 58
54 22 15
57 47 90
86 26 48
22 88 99
57 48 44
32 3 65
95 97 69
22 40 10
89 44 96
52 22 77
53 16 42
36 95 35
13 80 77
22 59 16
65 84 29
74 67 42
57 50 30
84 23 38
75 6 66
81 10 97
54 9 30
5 85 86
53 33 41
23 44 35
59 96 57
13 3 83
84 7 72
52 85 38
52 95 26
49 80 58
26 9 16
61 88 84
24 0 80
9 15 11
72 34 74
36 14 50
28 50 35
75 71 65
68 31 68
0 97 8
91 16 51
74 90 26
35 77 20
94 8 6
53 13 86
99 41 78
2 66 48
44 77 57
76 98 79
36 71 85
1 25 19
88 84 80
35 25 68
47 30 20
18 14 5
58 93 94
57 66 34
86 5 4
77 21 81
36 68 42
7 59 38
53 59 16
51 67 20
29 79 47
85 83 73
18 28 80
88 73 61
28 88 93
80 52 32
75 15 63
47 91 13
16 55 74
39 71 74
64 72 13
72 4 70
72 91 64
2 99 68
10 55 49
59 25 12
72 93 81
31 50 32
15 37 37
2 60 55
99 8 28
85 10 6
75 88 65
85 6 65
37 12 84
59 38 66
2 77 60
70 18 15
39 57 63
49 71 50
58 98 10
74 44 33
67 38 5
95 21 70
92 78 30
34 93 11
14 20 71
19 41 64
46 7 31
33 22 94
76 25 22
64 37 2
43 2 80
5 92 1
48 88 14
25 2 96
47 46 76
17 35 79
4 11 90
42 40 10
5 54 75
57 24 52
89 34 28
73 42 40
68 45 80
24 76 29
21 9 13
7 18 75
36 33 35
12 61 39
23 78 76
18 90 27
27 77 94
35 21 98
67 68 4
19 24 98
14 56 44
26 58 11
8 93 42
18 46 80
13 75 80
83 9 5
7 63 7
53 74 28
47 28 18
50 64 49
44 0 33
48 4 43
55 74 36
54 16 34
93 84 18
98 59 64
29 6 93
77 94 70
27 45 50
2 6 89
89 70 18
48 89 22
69 75 88
31 47 22
70 90 7
6 43 91
71 81 85
73 39 41
27 56 90
14 2 30
58 19 72
39 86 89
19 77 15
64 4 3
21 11 88
41 79 81
87 75 26
77 8 88
45 4 33
88 71 25
27 14 21
46 37 94
2 36 15
2 41 10
19 54 91
61 66 90
85 27 52
13 77 51
42 0 57
97 88 44
97 10 29
53 6 4
18 8 58
23 85 66
88 39 57
52 80 97
41 19 18
46 50 56
85 30 64
6 77 32
1 32 19
85 76 67
95 41 8
24 95 43
54 25 88
12 24 92
41 93 82
35 53 16
3 78 81
37 54 79
15 77 1
10 58 10
65 8 10
2 84 38
81 96 74
26 75 84
55 45 12
44 15 13
3 54 7
16 47 34
2 21 67
68 94 50
57 91 31
75 50 66
72 97 82
53 3 35
29 75 28
2 12 12
0 67 36
46 34 96
29 32 69
36 91 12
23 93 22
18 7 38
91 83 27
83 50 71
46 51 78
76 70 95
52 46 21
62 65 28
33 71 28
6 49 83
88 95 4
53 42 39
71 23 18
39 84 55
29 85 23
16 15 27
54 71 73
9 40 35
80 65 67
76 44 44
63 37 94
74 92 57
96 45 63
1 45 2
71 90 91
47 36 90
50 15 81
83 54 70
84 57 40
96 75 4
98 84 6
47 90 20
64 57 19
56 15 49
8 39 71
85 99 43
24 99 86
40 31 46
43 25 47
44 34 52
19 14 2
3 1 16
13 22 98
25 32 94
11 17 25
36 62 88
53 79 14
83 57 70
46 97 70
87 78 60
77 12 45
52 89 8
85 56 85
34 47 12
34 92 15
38 35 24
94 56 34
33 85 36
5 93 72
95 16 26
16 30 91
45 6 64
79 51 8
45 33 7
31 80 11
84 30 93
14 80 84
89 2 15
56 45 66
36 65 25
1 2 90
38 17 77
83 5 19
40 91 47
33 14 25
48 31 92
71 60 84
18 16 15
7 8 9
24 64 67
70 49 74
50 79 69
36 80 30
50 83 34
77 34 36
57 63 5
88 70 17
69 44 56
30 9 22
85 65 6
28 62 30
43 62 71
39 66 34
25 99 91
97 75 60
18 86 89
1 65 88
71 41 97
32 60 4
77 81 37
51 85 18
13 64 14
58 46 11
95 70 32
38 18 92
56 78 29
62 59 16
69 16 26
84 53 3
4 42 70
34 97 38
23 79 75
66 97 48
56 53 86
82 24 94
86 95 88
26 57 19
84 45 61
25 85 48
66 28 25
19 36 36
68 93 95
30 44 55
25 66 71
64 81 46
63 33 8
88 33 16
90 27 98
76 93 77
74 0 19
15 10 5
90 21 85
40 92 7
70 61 94
0 41 29
98 36 93
38 23 13
91 31 68
7 62 29
42 89 34
72 17 43
40 61 46
51 62 54
71 1 32
8 25 26
89 77 98
42 57 96
62 66 22
13 84 38
76 8 59
51 27 74
28 19 30
23 8 75
18 29 91
12 80 6
24 87 43
48 29 75
24 10 72
87 42 27
86 2 50
23 42 34
27 58 87
13 42 33
90 4 21
57 17 82
49 72 67
19 90 84
85 95 4
47 6 90
99 12 25
65 44 52
30 53 4
95 46 43
56 18 91
24 54 14
64 48 26
47 64 13
66 89 73
14 77 7
3 71 40
39 28 59
3 45 94
49 48 79
56 28 28
65 68 44
72 3 66
59 95 95
91 51 15
43 42 24
14 73 78
50 74 89
16 76 75
63 10 77
12 30 17
89 29 7
22 95 44
90 56 45
94 90 60
34 82 25
74 95 65
71 82 66
46 57 61
97 74 66
0 58 84
16 33 92
42 27 23
52 99 43
9 62 97
13 50 25
23 69 23
71 86 61
32 57 90
98 18 89
59 65 5
12 96 74
68 7 86
21 88 32
46 87 85
78 44 18
42 38 48
1 18 52
20 85 99
60 50 26
19 8 45
80 28 30
83 70 48
27 31 82
11 8 24
17 73 61
33 16 45
57 55 55
79 82 68
8 22 47
46 73 31
0 47 32
83 66 23
72 54 71
68 15 16
55 46 83
54 84 96
49 15 9
13 29 83
77 59 77
30 42 8
23 66 80
5 17 5
66 41 47
53 9 32
17 53 34
0 88 60
68 39 63
9 65 64
70 64 73
27 73 40
71 91 4
88 18 63
28 16 22
34 94 64
30 80 88
39 87 59
7 96 67
7 83 57
16 13 41
47 77 8
43 37 34
60 33 85
95 43 55
38 41 38
49 76 97
31 99 78
74 15 99
62 38 62
50 41 40
91 67 64
99 71 2
6 97 10
48 80 6
78 81 74
15 90 75
15 73 98
22 79 17
42 54 64
38 5 14
77 37 77
3 8 31
75 72 27
32 74 59
57 10 40
53 86 56
90 57 20
21 17 33
27 32 67
68 49 51
59 83 44
45 86 70
75 78 8
53 64 42
41 98 70
52 49 96
95 42 66
70 44 9
17 49 26
89 12 48
82 85 17
43 11 4
39 32 76
49 9 85
40 42 3
27 46 2
97 42 8
24 9 3
16 69 49
86 94 7
71 68 6
16 48 23
97 87 18
57 58 3
5 79 19
59 68 92
90 2 2
81 2 61
36 63 81
94 23 60
24 89 70
23 94 17
47 22 34
56 71 93
33 67 23
40 12 18
69 89 47
72 77 90
76 67 57
18 94 27
10 83 22
3 20 50
90 7 39
85 71 17
7 57 98
17 38 34
24 30 84
75 19 55
22 4 42
37 75 35
13 98 73
67 94 28
67 62 24
35 51 66
47 82 6
76 43 13
75 89 20
69 9 45
86 72 37
85 77 34
75 76 24
74 79 83
63 39 63
60 16 11
51 84 3
38 3 48
1 22 13
43 32 27
60 40 51
13 90 50
37 9 99
11 33 78
11 81 52
91 93 42
93 88 29
46 6 71
0 78 60
99 36 42
52 47 2
57 42 9
87 62 70
88 52 95
23 18 66
62 5 10
19 86 41
70 65 36
0 80 25
49 22 49
83 84 16
7 71 29
5 8 20
97 73 78
69 32 55
39 30 25
33 49 83
22 54 48
4 64 91
73 9 96
67 89 18
37 85 51
50 45 42
44 42 2
24 88 23
78 68 27
16 27 46
30 96 10
1 46 43
44 79 66
29 64 56
14 94 74
31 78 87
1 97 7
53 30 89
21 89 47
83 8 33
68 0 72
96 21 50
2 74 40
42 78 91
42 96 22
10 20 44
50 97 73
59 26 1
50 94 41
26 18 35
48 67 70
48 49 63
22 13 94
68 67 23
64 40 31
45 93 36
33 47 5
49 61 93
19 15 33
53 4 70
88 83 96
65 94 64
58 83 15
7 14 66
45 69 16
75 20 78
40 50 63
37 79 42
4 26 28
97 68 11
75 60 46
45 65 70
92 3 18
86 90 28
88 36 51
30 86 66
48 62 96
73 25 96
56 32 81
78 12 69
64 70 52
85 57 38
61 79 61
88 66 4
9 32 22
28 24 43
68 72 70
15 72 38
93 82 59
6 2 42
76 78 37
22 20 16
34 96 98
91 84 10
66 27 68
73 7 12
0 77 24
69 41 65
86 15 67
0 10 51
66 61 98
29 19 15
54 43 85
19 97 71
43 35 16
88 15 42
8 74 92
64 39 36
94 72 24
73 28 78
34 69 24
60 34 66
46 75 14
60 19 86
66 7 43
76 80 87
94 64 72
22 77 30
78 43 50
35 19 72
55 78 90
75 70 50
63 73 49
67 20 98
47 67 44
4 47 23
3 75 43
39 80 11
62 52 67
71 58 70
81 82 64
5 70 28
27 97 7
20 29 86
66 10 65
99 81 91
51 59 87
1 36 30
65 61 69
49 36 29
22 67 89
29 78 48
21 56 25
47 4 89
2 96 35
84 51 55
46 66 62
33 13 10
28 59 31
11 1 97
17 76 69
50 32 87
15 56 48
29 99 60
20 5 80
54 44 73
64 18 47
82 97 44
9 87 16
28 46 21
58 80 18
69 83 37
45 66 66
42 74 23
68 46 99
74 54 78
78 34 69
12 51 8
94 10 32
70 2 9
95 19 68
72 26 28
48 68 63
7 4 53
9 8 30
70 72 2
18 78 7
49 79 34
40 71 29
97 59 7
32 89 14
22 14 30
24 75 85
5 73 12
98 93 83
50 89 3
53 2 13
51 21 17
91 5 5
7 69 4
2 54 13
3 55 94
66 14 31
72 79 97
43 18 5
60 7 6
79 37 68
42 36 72
33 0 77
90 86 78
26 64 40
45 39 36
2 8 66
1 20 25
79 13 16
51 3 76
74 11 79
22 36 45
51 18 66
86 39 71
80 78 80
19 32 97
3 87 39
57 61 51
39 45 87
64 29 47
22 55 4
80 57 74
0 87 14
99 78 54
28 11 93
99 95 39
30 77 41
81 36 49
60 27 90
17 59 44
22 65 53
73 82 31
10 73 34
77 70 10
22 9 82
35 87 78
51 37 74
66 21 26
48 30 42
11 51 25
1 10 36
59 72 85
26 7 89
1 53 86
60 22 65
61 93 19
34 72 18
39 72 59
9 13 60
1 72 44
59 82 22
84 31 34
92 94 35
87 17 69
70 85 32
17 12 71
58 59 98
63 2 32
41 92 52
80 43 94
78 7 21
33 12 90
52 62 63
17 87 35
51 71 12
67 3 79
38 51 81
90 66 78
68 64 62
12 89 55
24 14 1
61 27 43
85 66 31
6 57 68
65 28 15
66 18 20
6 40 25
65 63 57
7 36 57
61 97 72
0 21 73
42 61 64
81 27 73
97 79 8
67 15 84
8 5 97
23 47 41
44 58 82
42 95 48
11 69 91
89 40 14
80 58 89
37 24 14
19 12 78
96 46 12
21 57 32
85 25 41
38 21 71
77 55 42
42 25 81
91 59 50
98 76 30
26 69 13
10 97 34
61 84 87
92 71 73
29 38 29
84 13 76
76 13 25
17 95 38
36 9 40
35 52 42
13 20 18
25 63 13
83 0 23
47 29 38
74 34 72
27 85 9
46 41 85
71 59 78
1 89 17
60 92 45
42 69 54
91 99 38
95 87 9
97 44 30
4 66 36
25 61 2
8 34 60
74 36 90
25 27 58
33 94 75
82 67 31
82 65 65
20 76 78
5 38 54
34 53 80
62 16 41
64 2 39
4 85 99
41 68 70
0 32 51
76 53 3
45 38 89
64 13 47
62 77 36
12 57 20
35 7 1
12 29 19
43 99 91
71 78 26
14 79 70
44 24 38
95 62 21
8 29 23
21 30 70
92 87 47
17 24 4
14 81 34
16 82 25
46 92 13
52 66 81
98 41 24
64 76 14
20 11 7
72 80 94
91 23 57
9 67 81
74 14 21
59 20 41
92 64 27
24 48 28
67 54 22
66 43 54
34 73 41
44 92 89
10 12 64
41 23 16
74 10 48
52 27 6
31 49 62
35 34 4
54 56 48
78 17 49
37 39 42
32 9 58
65 78 88
23 12 52
73 50 13
76 85 91
64 52 5
96 73 24
67 0 61
52 63 22
89 97 49
83 31 27
20 59 19
27 34 8
0 11 52
92 82 28
41 22 12
99 73 84
14 7 63
38 36 98
86 69 16
13 65 5
28 43 22
8 6 10
94 79 99
21 25 76
58 1 44
68 1 40
66 3 29
67 87 90
98 75 94
31 77 73
94 28 39
86 12 87
18 82 41
65 43 11
35 27 63
82 9 89
9 37 73
86 64 52
88 91 91
70 74 4
99 72 23
29 94 3
28 58 88
83 47 36
59 2 75
17 13 62
33 6 45
84 61 92
52 92 63
73 61 64
22 57 74
33 19 40
99 68 98
88 90 29
28 77 17
28 94 9
10 93 31
85 33 24
25 51 57
64 5 17
43 17 22
61 45 50
3 23 56
64 60 73
73 67 81
3 25 38
39 14 92
47 61 30
38 42 68
94 93 94
74 53 5
29 62 83
52 9 66
43 13 41
7 78 21
35 26 63
91 74 82
49 16 30
32 38 67
63 34 85
47 85 99
35 94 80
82 47 82
47 1 57
37 72 7
57 52 97
6 11 33
29 63 55
89 1 23
33 81 48
26 96 11
30 40 44
25 45 78
21 26 10
62 11 45
68 41 49
29 89 12
64 3 50
48 57 9
87 34 53
91 19 76
69 78 40
45 78 59
50 39 87
63 44 36
71 84 96
1 52 33
97 56 18
52 3 14
53 34 90
11 39 7
67 91 91
92 99 35
0 35 72
42 65 39
63 86 77
83 53 51
7 33 10
33 76 96
15 51 10
72 44 43
76 31 78
94 36 45
77 90 52
31 38 51
29 68 69
85 88 20
39 64 49
47 3 13
4 58 87
84 5 72
12 72 8
4 60 68
76 51 94
63 11 17
22 42 33
6 8 55
49 78 13
41 51 76
83 55 28
11 22 20
54 3 19
10 11 16
1 47 20
41 90 51
97 26 75
10 60 41
69 35 69
89 46 92
10 56 98
50 5 92
76 30 43
40 51 84
85 11 57
15 30 39
22 26 24
26 60 29
88 21 58
90 62 90
44 93 76
75 79 6
11 13 21
60 70 14
95 27 51
33 90 55
3 47 4
97 62 54
7 39 53
10 70 30
77 30 66
2 19 43
24 43 58
62 40 65
35 40 16
46 24 85
51 88 49
31 92 65
0 98 12
52 69 73
12 92 44
19 47 81
62 81 83
95 7 85
65 71 93
2 32 33
84 49 30
95 63 43
38 1 21
23 88 13
81 84 9
25 5 12
64 83 64
83 89 2
84 46 43
58 82 98
55 68 13
71 8 43
46 58 2
45 27 65
90 87 39
12 7 54
74 63 44
91 3 89
13 23 1
9 97 10
55 48 42
88 37 62
42 28 78
8 56 12
90 63 86
68 37 91
6 81 61
4 88 94
64 65 1
27 29 53
80 42 4
38 28 74
43 66 98
36 76 79
14 23 63
51 34 83
94 14 50
22 92 97
80 54 4
95 68 11
53 71 26
31 52 70
15 40 4
18 30 37
98 8 47
60 99 17
94 12 3
92 77 82
13 45 4
29 58 60
75 98 48
65 18 68
8 63 68
56 64 46
8 99 34
20 6 70
32 40 98
83 1 12
40 77 63
93 78 87
83 17 48
16 2 38
31 23 38
18 2 91
32 51 76
93 8 70
81 94 15
11 12 7
44 1 27
56 82 78
99 69 99
9 98 81
98 43 43
2 43 5
47 25 40
3 13 89
7 99 49
96 79 19
97 95 47
2 68 57
91 62 72
47 48 25
15 82 92
35 56 34
78 27 35
82 68 26
24 49 35
3 4 46
95 78 5
69 77 50
73 26 23
52 83 13
78 3 47
76 49 13
61 32 58
47 80 20
67 42 81
23 31 55
79 6 95
91 92 20
36 78 27
56 72 5
83 2 18
76 74 40
60 10 88
66 78 34
91 76 94
52 32 87
11 93 50
23 46 56
1 40 58
26 4 31
13 24 35
84 80 98
89 33 32
97 58 8
31 4 64
57 18 66
13 47 88
61 34 18
21 12 19
79 48 39
24 66 90
84 41 9
58 8 11
5 34 48
19 48 64
96 28 23
96 90 30
65 77 49
76 9 63
5 80 83
94 66 93
85 23 90
73 64 5
0 30 83
1 62 38
14 44 77
38 49 3
49 52 83
95 22 71
11 19 66
67 4 35
14 18 93
18 37 85
38 9 57
94 55 88
14 63 14
50 16 91
20 33 12
9 33 61
32 45 73
52 23 72
35 98 62
15 74 87
83 41 71
21 97 22
18 68 64
43 30 95
69 23 70
46 15 35
35 86 35
64 19 96
54 33 97
31 89 56
25 59 14
18 34 10
6 1 57
98 69 11
19 89 64
95 10 85
16 40 60
3 34 10
93 86 23
20 71 62
83 7 89
2 91 60
42 7 25
27 50 63
87 60 3
94 15 15
61 29 91
64 97 31
62 82 62
99 24 94
64 55 61
67 35 86
66 16 37
43 53 63
8 9 46
74 5 65
59 37 27
12 19 84
47 26 85
90 59 65
12 56 91
35 33 48
2 44 19
8 84 69
80 60 24
49 88 21
68 8 6
26 0 88
69 59 81
15 48 69
18 77 35
25 74 73
3 92 19
10 19 30
32 46 7
71 31 24
35 1 19
52 82 10
88 19 77
23 37 39
22 0 54
61 60 97
96 53 75
67 72 5
17 77 23
29 37 49
35 63 94
95 49 54
84 76 6
82 8 17
29 86 24
96 35 28
33 10 89
80 96 56
10 99 95
42 98 90
22 45 98
35 99 55
20 37 53
91 6 26
86 88 61
29 54 94
88 75 58
59 62 1
73 46 43
6 58 52
34 99 82
93 22 22
18 39 88
34 31 25
29 9 67
56 6 32
45 95 25
45 47 41
48 13 74
87 49 28
41 26 14
28 21 61
85 96 38
5 69 40
90 33 19
87 21 52
44 51 75
75 14 95
99 47 35
17 3 20
97 89 32
29 65 69
25 14 81
37 61 30
54 4 82
44 46 78
13 94 55
67 1 33
82 81 6
26 52 20
83 49 84
48 93 51
38 83 78
88 74 58
70 0 37
56 93 82
77 51 24
86 30 1
25 93 10
23 27 99
76 29 99
49 44 24
9 69 38
72 18 12
97 57 30
76 34 12
9 57 48
95 84 56
78 20 1
40 43 12
41 37 60
24 45 69
34 9 48
71 61 65
64 95 82
11 72 52
36 67 22
48 2 60
57 6 56
22 35 13
3 91 43
79 33 69
92 72 35
78 90 20
46 35 78
57 86 33
71 21 88
47 38 61
60 62 92
32 10 81
93 45 23
96 55 58
83 23 17
7 48 11
95 15 2
37 3 89
70 75 65
14 31 17
61 9 49
48 59 48
42 84 61
78 54 70
43 7 5
19 0 49
25 41 81
91 2 90
10 77 21
31 71 34
18 45 59
81 89 91
7 35 99
45 88 59
44 45 69
73 23 26
66 81 61
55 71 74
6 86 9
80 29 57
47 50 65
73 60 93
51 92 34
6 47 85
24 96 27
96 11 9
21 50 51
21 38 2
98 6 64
66 48 65
11 60 14
45 25 48
98 47 83
90 52 65
6 35 99
73 24 95
74 89 12
61 71 70
39 3 69
60 66 85
50 8 81
49 83 69
37 70 26
49 93 92
60 46 64
52 15 56
59 98 49
93 97 38
50 17 79
60 31 21
1 93 85
78 82 64
10 85 39
86 56 26
28 33 87
59 97 74
9 23 93
81 59 71
52 4 33
82 66 41
45 8 18
26 3 3
52 17 93
54 61 58
71 20 44
32 7 11
99 93 44
30 65 87
24 84 27
74 35 30
71 3 34
29 91 68
62 30 21
30 16 84
88 93 28
74 59 73
40 22 50
59 19 58
6 65 97
90 85 84
38 67 47
55 65 21
56 95 22
50 6 45
99 89 84
51 95 1
40 81 52
6 51 87
41 29 59
91 0 44
21 46 81
22 3 90
9 85 32
6 59 71
99 83 99
1 14 65
81 25 17
66 30 45
75 62 2
42 75 84
1 51 98
42 71 29
64 98 59
95 38 48
14 43 54
68 42 40
92 12 50
40 15 23
84 98 79
64 14 77
54 48 20
23 97 12
65 20 32
91 81 48
17 90 7
53 58 34
17 43 43
83 63 17
8 98 51
0 83 4
3 72 69
64 30 54
11 68 85
7 30 17
69 53 40
12 23 42
74 71 23
67 16 92
77 56 13
85 55 91
96 94 24
49 39 29
21 80 91
7 15 84
53 56 89
70 66 27
6 72 71
28 29 98
77 62 20
41 8 1
38 98 28
86 19 99
25 12 6
90 25 64
54 53 23
41 76 59
89 9 89
14 89 59
44 81 27
30 78 54
70 52 67
16 96 19
44 5 97
84 18 31
49 19 70
78 63 22
38 26 74
53 1 63
36 74 30
10 44 18
6 84 64
12 0 66
31 53 14
75 86 99
47 96 61
8 81 93
9 12 54
50 28 37
62 61 32
38 0 18
77 50 85
14 39 44
34 89 17
31 74 90
79 20 73
89 7 91
49 27 92
90 14 83
4 45 38
70 53 24
70 12 95
45 30 38
95 20 8
97 69 52
50 37 65
80 69 33
11 29 57
44 89 88
2 20 88
93 53 47
44 32 51
75 48 93
63 48 90
97 64 60
97 12 85
10 6 50
14 66 65
64 47 73
68 88 42
50 0 98
99 32 7
16 77 30
68 97 66
82 73 59
85 37 70
30 2 61
37 84 20
87 73 13
23 10 84
33 24 90
24 52 71
72 33 52
20 28 87
39 59 29
73 92 21
12 28 43
19 94 65
18 35 48
26 54 59
55 3 31
39 73 36
93 44 78
77 11 54
35 4 91
30 63 40
65 67 1
87 50 55
16 94 60
8 95 99
14 82 60
58 31 97
92 50 40
72 41 18
59 87 47
30 74 43
78 45 45
88 9 23
16 31 86
96 60 3
67 34 59
61 90 76
14 37 50
11 30 23
41 72 4
70 6 25
7 92 24
56 61 56
91 87 66
33 41 7
82 29 38
99 23 42
45 77 5
74 26 12
79 9 44
59 35 51
92 32 89
21 73 32
74 48 65
88 14 71
29 61 64
52 76 70
79 64 22
73 45 85
72 85 43
94 86 67
18 47 68
79 45 19
47 76 73
35 67 10
10 23 37
40 20 82
48 8 65
79 44 77
59 21 39
88 94 69
87 67 60
20 42 83
41 40 1
50 4 99
98 2 34
74 82 91
70 63 7
12 78 42
97 32 49
2 98 40
64 46 75
5 3 93
73 1 43
0 45 17
42 56 40
46 83 43
59 3 41
5 72 81
37 74 58
67 84 86
30 26 52
13 70 66
8 91 85
56 35 29
37 56 33
26 47 31
6 56 2
51 94 89
41 59 66
34 25 8
62 24 70
86 35 11
62 86 94
23 67 23
57 46 64
66 53 2
25 0 70
34 85 30
0 66 1
25 91 17
63 20 79
76 64 78
37 77 72
38 73 13
15 24 82
64 0 32
30 33 48
6 92 12
55 19 7
62 9 79
59 8 92
34 66 35
15 45 31
78 25 65
1 98 61
17 91 2
40 94 71
80 8 7
3 60 86
94 22 46
17 99 38
1 35 55
5 99 23
75 46 54
85 53 6
73 98 61
4 82 80
55 73 97
2 67 30
36 30 87
6 91 19
6 85 52
54 52 69
69 46 38
28 45 44
33 96 32
86 67 76
65 92 93
33 72 20
84 14 97
80 17 67
71 11 8
98 55 32
7 47 68
56 5 6
81 91 35
51 55 43
6 36 13
65 37 75
18 85 46
56 88 65
85 24 74
37 80 29
32 68 13
88 78 84
20 17 1
19 2 99
3 65 26
45 76 68
2 88 6
54 29 59
8 33 95
12 10 90
66 9 68
98 50 4
12 79 92
30 61 69
84 89 19
41 88 78
54 18 37
36 54 86
65 62 69
59 0 41
84 37 19
91 64 69
55 29 2
78 77 83
45 90 45
26 87 34
19 69 1
28 99 48
67 49 80
14 52 3
34 63 16
24 29 61
69 0 18
15 63 63
18 98 58
3 96 52
87 61 83
55 80 28
93 61 82
83 90 56
21 28 59
68 32 15
4 50 21
39 77 69
52 5 96
20 12 15
41 80 85
2 56 14
95 86 43
63 59 78
71 36 78
67 57 19
17 85 95
75 47 45
1 99 47
9 43 88
98 35 63
2 34 19
95 28 57
94 7 26
62 75 32
93 51 65
4 69 80
65 96 94
25 57 65
1 37 49
33 93 26
13 7 76
18 50 83
68 27 51
61 98 24
52 39 58
39 38 1
11 70 50
76 48 39
70 62 69
89 85 23
84 11 91
97 31 94
48 98 17
8 90 58
93 74 37
63 45 21
95 82 13
50 31 92
8 72 61
78 19 52
14 51 17
82 5 11
57 13 50
74 85 25
83 16 41
31 0 35
48 9 83
14 58 62
33 26 42
69 20 47
24 5 76
6 95 18
20 62 73
84 77 27
11 79 15
38 74 91
97 24 49
38 52 35
42 45 18
66 95 27
41 28 25
13 31 80
51 69 85
11 43 24
87 80 16
82 55 27
57 60 44
14 76 16
60 44 25
54 72 52
69 5 42
54 93 34
94 13 26
43 98 36
28 31 32
35 83 31
20 55 62
18 70 46
89 79 31
74 80 20
36 84 61
65 75 81
15 52 6
8 10 87
76 54 90
17 81 26
31 32 39
91 12 61
40 3 36
72 5 13
11 90 89
50 73 54
4 10 28
67 80 19
71 13 45
84 40 46
11 15 60
32 86 8
39 95 75
79 32 38
1 54 9
72 15 48
84 38 65
79 52 73
81 72 25
50 23 23
89 39 29
53 37 45
13 9 31
38 25 19
10 34 51
45 28 5
19 16 55
88 62 91
97 81 85
55 22 80
13 87 62
29 46 82
97 8 88
16 37 53
97 11 79
33 25 50
3 73 64
16 95 25
36 41 8
90 46 77
10 71 59
72 68 13
38 16 87
18 40 20
96 34 59
34 71 22
57 30 68
53 8 17
46 80 60
36 75 92
2 85 4
2 40 10
69 40 62
16 67 91
36 39 94
61 19 73
27 75 48
84 63 81
30 6 36
23 25 11
42 67 21
63 12 92
76 91 4
93 41 39
28 32 28
10 49 2
52 13 14
92 65 37
67 92 66
72 1 99
25 42 37
1 55 61
20 98 48
7 34 99
41 39 33
87 23 51
76 95 97
99 9 3
65 47 64
48 12 84
95 8 69
96 8 57
19 51 53
56 76 82
23 26 41
10 16 80
34 4 63
34 81 72
22 28 31
10 62 42
68 66 15
71 38 33
3 69 94
61 8 70
96 40 69
56 47 90
22 97 11
9 5 13
72 82 44
86 1 7
25 73 99
66 56 8
90 37 67
27 82 38
72 73 84
43 23 17
98 51 62
41 11 29
37 66 42
58 32 66
34 36 33
82 98 37
53 83 5
86 4 64
86 24 14
82 50 8
72 31 57
11 83 47
85 61 81
42 99 62
24 77 57
65 39 44
58 88 72
15 16 97
55 87 62
89 28 14
27 89 53
27 90 8
16 65 14
79 16 62
36 21 14
17 75 99
12 3 9
4 37 79
50 86 45
92 51 91
57 34 90
94 2 31
83 30 76
67 8 28
29 10 3
29 28 70
70 8 70
50 47 56
59 69 45
49 7 36
58 89 5
26 46 22
62 41 65
53 43 61
88 31 1
39 4 58
43 59 57
1 75 30
1 56 39
47 72 3
89 51 67
47 54 24
30 60 30
11 65 48
90 99 91
65 30 66
42 5 79
59 64 68
87 3 34
19 26 32
13 39 92
64 68 86
57 89 54
7 42 52
32 78 72
73 14 69
13 83 89
22 8 23
6 39 95
77 27 29
63 52 94
69 86 2
17 69 59
4 95 33
17 44 89
18 92 75
71 99 25
64 71 6
84 17 33
57 64 39
70 22 51
97 60 46
64 24 27
13 0 65
17 67 66
99 29 95
43 51 24
91 48 81
30 54 99
33 59 9
14 49 14
11 92 42
90 58 23
97 43 18
39 91 85
85 86 8
44 84 91
71 73 86
99 86 71
80 14 38
38 94 6
30 12 85
21 87 20
87 20 55
74 45 41
66 6 27
9 79 44
41 50 57
39 48 49
98 20 67
69 54 88
6 79 67
18 59 14
75 92 74
3 79 22
60 20 84
74 12 71
85 72 53
96 44 33
97 83 87
66 2 91
8 35 14
51 93 85
18 73 44
14 29 77
38 78 15
42 26 41
9 21 37
3 39 79
25 24 4
49 45 99
93 0 83
70 95 7
27 72 50
73 10 21
7 60 6
60 65 6
9 2 2
70 15 97
9 70 80
0 50 54
93 70 51
12 34 84
87 44 79
70 1 3
80 13 46
77 31 63
55 41 72
29 98 65
0 63 35
95 48 61
32 17 53
35 81 68
58 79 45
94 39 52
63 23 11
64 99 64
20 21 25
26 28 55
79 11 90
28 6 60
54 99 45
2 10 70
10 51 50
10 59 51
12 14 78
94 46 11
9 89 21
91 90 80
83 52 56
79 63 23
57 51 89
57 77 5
20 32 77
59 51 80
81 40 58
29 11 92
48 26 98
59 77 96
71 43 67
47 57 25
24 61 75
44 61 49
53 65 88
9 78 75
96 42 33
23 55 37
20 60 54
78 41 78
22 49 72
12 45 81
56 91 62
27 83 49
32 97 94
19 67 66
85 98 72
21 63 12
53 47 63
17 70 51
66 67 15
74 47 73
48 20 33
81 65 71
33 53 79
10 17 36
67 43 83
31 58 87
10 32 8
9 68 49
82 34 44
85 87 87
12 97 50
40 29 52
38 96 34
23 17 97
54 79 12
49 96 87
85 35 21
89 31 77
97 55 42
33 29 91
80 40 29
31 84 73
62 48 4
2 29 46
81 29 66
27 39 79
32 77 62
8 87 4
43 12 60
86 78 71
92 37 33
11 67 71
37 55 90
52 18 46
8 77 58
60 74 6
51 1 69
26 83 60
73 55 73
41 44 43
2 4 22
53 12 55
61 16 29
16 34 18
5 26 16
50 58 34
42 85 93
55 40 17
85 13 87
1 34 62
88 54 31
53 85 83
67 78 83
99 91 2
99 70 41
94 75 27
33 80 8
50 63 64
84 69 35
97 39 6
59 63 76
86 42 27
8 20 51
54 92 2
44 39 88
53 60 2
15 8 14
88 48 6
47 66 51
97 72 49
20 45 7
25 90 54
7 93 27
65 26 10
85 36 70
45 35 24
13 46 62
66 86 41
21 19 1
95 29 74
89 58 6
19 72 62
84 97 24
17 98 40
90 8 31
29 90 64
54 19 20
55 67 10
5 91 92
79 88 15
17 74 21
71 26 17
39 76 2
39 24 68
33 97 46
20 63 92
53 84 70
42 20 42
90 97 24
8 0 59
77 83 55
42 91 66
76 2 69
27 78 43
30 81 76
84 29 11
77 41 66
49 2 51
92 4 48
8 62 52
46 96 48
43 6 34
87 11 12
94 3 62
36 89 24
47 20 24
80 99 82
77 67 75
4 93 32
53 61 13
11 82 82
95 75 56
65 58 66
35 62 78
56 60 14
66 83 77
60 75 44
98 40 55
22 23 7
66 64 37
61 18 42
77 43 77
16 89 93
8 7 56
84 65 66
10 92 81
89 98 96
56 31 47
80 79 33
75 82 90
25 4 65
30 0 16
51 61 44
36 66 94
55 9 54
67 23 71
87 16 60
73 84 93
10 48 57
97 86 82
88 63 29
27 15 58
24 16 74
29 51 19
34 68 4
78 79 44
98 5 18
78 2 46
99 63 53
50 38 66
2 59 25
38 85 48
99 97 30
87 6 85
39 20 83
59 46 96
29 48 30
46 81 81
12 33 35
72 98 97
23 62 27
61 69 10
96 62 97
76 90 70
19 59 8
95 17 7
60 12 76
46 9 29
36 60 54
1 58 24
52 68 77
25 8 61
87 91 41
60 15 26
99 48 47
58 30 83
93 6 75
55 76 73
62 34 7
58 9 80
64 9 35
32 83 79
21 94 49
31 85 3
25 30 62
71 67 74
95 52 71
77 38 17
40 67 2
2 13 75
59 93 71
55 34 89
50 55 38
64 12 44
82 13 4
59 71 15
18 6 76
86 57 55
70 42 84
31 8 60
44 18 15
89 76 84
20 80 48
47 13 30
75 35 28
80 67 23
89 60 47
89 54 48
62 43 96
8 42 62
56 66 71
1 30 96
79 19 52
7 25 54
23 58 30
78 50 69
28 48 31
72 2 62
86 48 29
68 73 89
89 96 10
51 30 76
81 95 61
15 78 36
11 76 58
25 78 58
16 32 67
24 56 58
63 69 20
96 43 49
27 12 48
2 50 56
84 25 23
3 59 24
94 57 86
37 15 99
20 73 19
25 72 20
68 63 52
92 48 83
76 71 7
44 36 70
33 40 52
95 67 5
55 42 20
29 80 8
6 54 91
4 86 17
44 50 6
0 75 73
45 92 15
71 2 53
42 88 66
74 96 11
22 93 98
96 87 84
99 21 39
18 66 57
38 99 74
27 52 45
63 58 63
82 28 53
92 76 65
63 96 23
7 44 46
75 45 29
84 34 92
83 4 94
71 4 29
37 36 77
23 65 38
5 74 89
39 89 73
54 64 24
1 48 62
53 10 16
64 58 45
32 36 17
90 55 15
63 56 13
31 88 2
22 82 38
76 99 49
38 63 94
69 73 62
22 16 46
96 54 23
94 27 3
50 66 76
39 40 55
94 50 96
48 71 89
0 76 38
15 69 56
32 49 93
55 8 66
10 57 88
46 72 92
36 92 20
66 99 16
94 19 52
26 79 89
75 25 98
3 86 70
37 2 58
15 22 33
1 16 47
48 41 33
96 36 40
2 89 27
43 4 29
57 97 16
99 30 87
43 75 42
8 13 81
84 12 25
81 44 67
18 38 12
5 47 47
26 10 52
29 45 68
43 50 7
39 52 88
46 42 56
92 43 79
77 15 57
18 89 77
21 2 6
57 37 15
50 20 85
19 31 85
54 62 24
0 84 43
71 40 93
44 67 38
64 43 44
48 96 64
89 37 64
29 97 19
23 21 62
12 32 70
44 13 64
57 68 93
29 77 24
70 47 1
73 35 83
34 64 80
50 84 50
87 12 26
90 80 81
26 41 26
82 19 43
74 57 3
93 31 47
76 4 66
43 83 6
71 7 58
64 88 35
38 80 86
39 69 19
14 53 14
27 70 23
56 58 93
86 87 96
9 24 54
25 50 89
67 76 70
9 58 11
0 44 39
7 2 3
65 81 86
21 68 47
67 61 75
17 63 4
71 47 49
15 68 40
90 28 82
34 40 69
78 1 44
71 70 31
84 50 48
20 41 45
68 30 46
53 48 6
57 3 88
17 8 49
46 54 92
68 13 84
66 1 25
8 3 63
64 77 72
30 97 19
94 59 15
93 21 69
24 4 19
79 41 35
61 25 72
56 4 56
20 54 24
11 38 85
30 52 3
25 55 56
72 46 42
30 27 87
64 16 58
43 56 67
53 11 3
19 74 99
39 83 97
51 7 66
73 29 70
94 73 70
20 68 71
17 50 66
93 29 88
45 14 65
70 89 43
88 16 4
45 83 83
35 36 56
32 72 17
44 59 79
60 38 14
68 18 99
94 76 56
79 89 2
80 75 77
77 25 27
25 71 22
89 93 69
0 81 33
92 42 65
12 39 38
69 67 32
30 41 61
17 0 99
57 44 83
35 29 59
5 58 4
55 10 61
48 91 40
72 22 3
62 10 78
58 29 9
46 65 75
98 32 25
34 70 26
29 55 64
85 0 79
69 70 51
36 87 42
36 43 98
85 90 83
57 15 53
84 22 54
14 59 34
70 91 68
9 81 2
29 18 87
41 3 58
12 63 67
96 65 15
38 95 10
43 65 91
66 68 59
2 79 71
72 86 16
74 24 98
7 26 56
0 19 30
49 32 38
36 26 92
71 14 8
43 58 81
30 4 72
36 37 49
72 52 72
78 5 87
49 81 6
1 63 22
5 64 7
89 53 95
57 92 85
79 73 55
91 63 51
86 9 47
92 93 80
87 95 54
72 24 80
66 87 37
64 20 98
11 50 56
22 37 23
4 41 84
78 38 37
97 22 5
27 84 67
43 74 34
32 80 30
86 43 98
99 13 60
50 69 32
46 60 8
85 45 79
93 20 33
70 60 96
85 17 56
20 18 98
98 23 33
86 10 54
70 59 96
56 38 53
85 32 20
47 35 5
2 46 7
80 90 17
34 27 10
75 36 73
49 58 10
73 34 40
57 73 66
44 70 38
4 94 2
98 52 32
17 37 12
62 29 29
49 29 71
1 60 41
0 95 13
85 50 90
85 2 36
90 42 60
91 10 99
19 95 26
64 11 20
92 86 66
72 78 64
73 80 10
13 99 23
49 41 34
72 65 93
38 68 56
96 20 35
74 50 71
5 36 29
34 76 95
75 87 42
19 84 88
15 43 7
76 82 31
22 90 92
19 87 91
13 49 40
37 5 62
93 48 67
9 10 47
48 25 74
58 5 29
11 84 23
19 27 36
39 99 67
39 88 3
23 96 14
74 98 86
98 88 92
41 82 49
42 39 23
38 50 1
46 93 99
87 70 75
37 10 21
26 34 66
51 23 90
20 30 67
35 48 25
45 74 28
3 43 45
97 15 85
9 48 80
88 41 35
90 69 15
54 75 1
85 97 27
18 15 72
95 76 46
28 92 68
62 3 64
31 35 82
73 97 28
62 71 10
73 54 43
54 37 55
63 24 48
59 41 12
20 88 32
0 31 9
8 57 6
60 97 3
44 6 35
4 75 94
36 7 93
91 58 36
27 88 3
21 20 95
92 45 56
42 29 88
32 0 58
18 60 71
93 90 88
42 14 83
27 92 41
82 53 35
71 35 70
67 88 3
75 3 4
22 68 25
59 50 23
56 36 86
82 14 64
60 13 83
79 75 84
24 55 83
90 31 86
85 68 64
36 35 90
48 44 11
51 42 18
70 97 24
89 8 80
65 64 38
72 10 68
36 1 15
50 59 14
52 31 88
19 1 10
40 46 58
37 29 61
49 42 98
23 34 85
32 20 33
89 73 94
37 19 17
40 97 45
6 55 1
73 43 44
42 15 23
43 34 25
55 43 59
3 28 19
55 44 30
51 99 44
5 30 63
9 61 34
36 4 13
73 21 1
8 73 15
52 96 44
63 5 95
52 45 81
11 64 69
57 78 57
78 89 87
3 46 80
41 30 46
15 93 19
41 65 65
60 83 56
40 83 83
74 25 38
36 79 44
35 18 1
89 36 57
82 4 87
72 88 35
23 4 28
64 44 52
18 97 50
62 26 6
40 18 38
95 5 54
93 71 14
40 59 55
48 63 99
29 52 42
76 45 4
50 40 4
6 68 26
12 77 33
88 85 82
51 8 85
43 22 63
82 45 85
94 78 96
38 70 7
28 65 31
11 16 19
61 33 28
29 56 61
67 70 71
50 29 42
5 27 81
90 15 42
24 63 78
11 58 4
30 10 81
17 57 65
26 30 69
72 20 29
97 41 80
25 3 70
35 85 30
16 36 2
99 74 22
74 40 12
81 45 82
31 67 31
26 22 14
58 68 22
59 17 23
78 61 48
22 69 71
68 87 23
52 42 37
37 62 50
81 75 98
39 78 15
58 54 99
81 52 17
11 28 17
69 21 80
40 56 19
88 60 5
9 45 60
49 54 48
44 88 27
52 77 27
9 20 47
46 52 25
78 32 92
90 44 77
95 88 98
31 12 16
18 23 62
82 23 22
67 59 56
74 49 25
9 52 71
2 22 87
32 5 18
46 64 60
64 78 60
66 11 50
44 57 38
28 86 82
31 18 87
2 35 43
25 6 42
60 9 22
19 7 81
71 48 66
28 42 87
47 32 58
13 14 77
26 80 15
8 11 78
38 76 38
62 2 27
89 75 11
20 26 45
91 89 11
21 41 71
21 35 42
62 6 79
95 89 7
56 10 97
11 49 99
51 15 15
77 17 86
68 81 83
89 71 17
37 78 79
89 81 16
69 93 18
77 79 14
54 63 30
20 43 71
79 12 43
32 50 39
52 72 24
34 2 65
51 83 92
33 15 69
67 12 39
71 25 19
15 79 63
1 24 2
90 20 69
54 46 35
30 70 73
32 28 94
60 59 35
21 95 58
74 69 5
97 54 80
3 62 1
68 71 62
53 31 66
52 97 7
78 67 18
92 18 43
92 31 22
79 24 54
58 70 90
93 54 67
66 63 4
22 18 51
21 75 25
90 67 55
48 64 69
77 66 11
16 10 4
14 50 91
25 88 82
87 53 33
16 14 18
20 34 8
94 45 66
48 15 31
89 74 17
94 70 48
16 91 93
51 9 80
71 97 27
47 93 62
83 37 43
81 28 11
4 61 53
42 22 10
67 19 79
27 47 34
55 91 86
79 96 52
15 54 42
24 8 46
1 26 47
11 4 27
15 62 99
50 65 38
8 1 33
71 96 40
8 45 55
5 10 77
12 41 55
53 0 30
0 1 71
15 6 48
11 62 24
34 43 25
99 7 39
4 3 16
70 45 62
72 59 96
40 72 30
59 99 25
32 11 95
20 66 13
37 68 1
74 64 8
86 58 42
26 5 84
0 46 68
44 64 52
82 26 80
73 77 8
27 60 81
46 12 90
16 8 71
14 65 6
46 30 60
99 60 60
50 36 89
36 5 88
6 20 59
65 19 98
73 75 68
42 11 18
16 80 93
93 5 62
35 73 58
19 98 50
62 4 5
65 15 18
68 84 29
82 40 22
4 13 69
31 15 50
63 46 49
59 76 60
81 0 31
45 91 65
69 17 85
23 92 77
15 21 43
8 71 69
91 36 61
49 77 1
40 35 1
28 83 6
6 13 46
93 39 37
72 55 42
56 14 24
68 29 40
5 33 77
40 1 45
68 24 10
73 41 56
69 49 33
95 66 39
34 46 86
79 0 74
97 66 88
96 27 21
30 5 22
47 5 66
23 84 8
32 85 97
41 7 81
91 68 28
57 21 4
95 54 82
68 47 3
82 61 65
22 5 58
79 74 70
58 86 65
52 87 55
9 80 80
54 30 41
6 70 24
62 27 81
36 96 83
0 86 54
69 56 50
62 55 36
35 14 15
90 74 94
40 80 72
13 56 10
39 70 77
97 80 17
61 67 47
65 35 33
72 39 29
75 99 75
61 87 69
37 27 18
25 1 99
22 71 55
53 68 69
64 51 18
21 85 11
1 83 81
98 33 3
61 95 61
71 88 86
5 57 60
56 77 90
48 34 49
76 47 94
75 54 28
22 66 95
72 94 11
94 17 89
57 16 61
20 96 10
98 65 81
15 19 33
67 9 95
61 37 50
91 73 62
64 38 53
9 77 58
75 83 94
19 38 40
32 43 50
80 50 25
10 18 12
48 5 25
70 7 47
74 43 76
2 17 36
57 85 67
62 32 69
6 45 78
29 31 97
0 39 33
9 50 46
27 41 71
55 60 65
68 35 60
38 56 17
61 53 58
11 21 35
46 11 6
0 28 80
12 53 32
23 40 4
23 3 73
0 59 97
23 20 17
10 41 51
4 71 29
82 41 74
51 43 68
23 98 90
4 16 91
91 25 13
60 64 12
56 74 49
40 55 44
17 19 35
96 67 70
33 50 61
92 17 63
53 24 51
15 57 83
76 72 54
66 39 22
51 12 84
22 32 86
68 89 18
48 70 70
44 87 81
15 20 58
27 42 43
82 15 63
56 54 26
87 24 44
4 90 14
69 15 28
48 99 30
83 88 15
85 20 44
65 66 84
65 95 73
21 82 41
21 49 24
80 10 43
73 4 44
88 38 38
73 19 36
5 12 62
55 51 29
9 54 3
90 39 1
24 40 36
53 95 12
61 3 81
94 18 74
13 89 59
32 92 82
85 4 3
82 49 41
31 22 82
39 97 98
19 23 89
89 68 25
86 20 70
10 40 51
31 29 41
75 16 33
97 1 90
66 45 82
72 83 97
13 97 93
78 94 72
24 39 64
72 57 93
61 31 43
66 44 33
62 12 78
4 79 92
16 4 70
32 27 70
65 91 37
96 77 20
76 66 5
30 17 31
15 83 5
45 49 10
15 66 59
19 20 94
90 40 71
78 16 3
26 23 28
77 3 90
28 95 42
80 9 70
35 10 75
5 59 80
21 67 78
12 15 68
85 41 97
2 47 72
23 81 45
51 53 95
70 55 61
39 96 70
99 33 54
13 2 48
58 57 54
78 29 84
26 36 65
19 80 6
34 26 44
79 72 15
45 12 30
52 25 86
57 62 38
0 53 71
64 89 81
43 48 4
63 95 3
95 9 43
51 25 55
63 94 30
54 2 31
14 11 99
48 50 95
80 45 39
78 18 33
71 92 47
84 27 37
67 28 79
41 71 47
17 65 35
95 25 53
15 59 41
44 12 39
36 56 10
95 24 90
37 42 85
11 54 95
5 53 25
45 1 49
46 18 96
50 24 44
30 66 5
34 11 49
72 92 95
56 81 22
69 95 2
38 90 50
55 27 85
51 4 1
32 6 15
14 48 60
65 14 70
2 33 28
26 72 99
65 80 54
85 9 75
71 28 30
98 87 53
3 9 93
41 73 67
87 90 42
27 4 32
11 88 57
1 6 64
49 94 8
72 38 95
75 11 26
55 99 10
63 90 18
67 65 10
65 76 15
28 7 96
5 40 25
62 35 88
55 14 90
18 22 94
71 63 28
62 98 80
15 33 2
32 58 22
20 99 31
14 87 68
3 93 38
95 85 69
35 45 6
12 81 48
48 16 1
25 60 36
90 30 49
5 89 76
82 94 81
5 23 62
9 86 51
4 20 54
62 37 98
95 60 82
21 1 17
15 34 8
51 5 49
53 96 97
40 24 86
68 98 59
89 63 90
79 77 34
77 84 52
97 85 26
98 67 56
35 8 28
28 18 80
54 31 40
18 62 42
54 65 52
40 36 67
96 74 45
31 34 15
93 95 91
16 68 74
66 35 19
84 64 3
53 27 48
56 7 78
14 24 58
30 22 17
96 59 49
7 3 68
21 32 39
42 13 19
26 91 90
75 56 30
80 18 71
70 40 37
32 54 71
5 11 1
44 95 57
48 54 19
40 23 20
43 64 3
86 70 4
13 73 9
94 61 50
10 72 8
70 13 2
96 78 32
45 89 13
38 92 26
94 84 63
73 36 75
79 39 95
32 53 56
89 11 88
91 38 69
51 24 13
70 29 97
88 13 76
45 37 75
86 59 19
5 46 15
8 88 81
23 60 88
24 17 25
54 28 79
54 32 98
28 1 64
72 7 96
8 37 94
42 70 84
84 24 14
28 87 88
92 5 23
49 46 71
33 87 40
13 68 24
74 32 5
19 64 6
89 22 49
60 8 95
81 37 33
78 73 46
81 14 28
89 42 86
9 27 57
80 86 70
62 93 50
1 0 47
16 5 17
36 86 68
26 49 22
99 58 10
34 58 40
26 39 93
75 74 13
52 8 67
15 50 41
49 85 72
0 85 82
98 45 65
91 11 30
89 65 50
53 99 56
88 50 9
11 46 21
33 45 49
14 12 49
59 12 29
2 42 71
68 52 82
50 27 56
54 13 90
11 91 44
0 20 7
41 97 6
97 49 2
27 18 55
22 72 66
26 59 44
36 25 8
30 14 99
94 33 47
82 27 86
93 55 52
79 62 43
70 83 13
96 82 14
75 1 22
40 4 93
80 16 59
11 14 12
0 22 28
99 39 28
96 52 81
69 22 88
97 67 72
91 14 4
0 61 61
65 2 29
4 96 11
33 66 11
81 6 55
82 44 14
39 36 56
1 29 75
56 2 1
60 4 17
74 19 9
14 74 76
98 82 14
95 36 75
25 15 10
45 94 40
37 44 5
43 36 2
95 23 67
39 8 77
10 90 42
82 18 17
27 54 35
72 48 13
31 10 78
53 28 27
11 61 59
80 22 88
23 68 18
30 7 23
13 33 22
9 29 45
18 49 95
82 88 43
99 20 64
70 35 79
37 4 66
51 64 39
36 64 18
0 57 65
91 39 59
11 52 4
95 77 87
8 43 83
97 92 77
72 43 44
88 56 46
86 97 91
95 11 51
71 44 19
25 69 3
75 41 28
41 35 32
48 74 34
39 82 96
57 79 8
20 50 97
29 88 75
37 65 12
48 17 49
28 97 75
16 46 97
96 47 5
65 99 36
77 28 87
74 29 28
46 67 32
47 42 72
30 56 15
26 27 31
42 52 75
40 87 92
69 24 75
16 49 18
6 90 35
82 63 85
42 93 63
5 86 34
38 34 2
35 70 19
94 32 73
28 73 73
7 81 28
79 92 90
53 18 43
88 8 23
81 56 73
72 47 9
79 30 61
89 66 10
91 88 19
69 31 32
76 23 54
91 79 82
15 97 71
38 13 93
86 76 56
68 99 40
99 4 32
27 63 97
89 14 24
32 69 16
88 69 53
67 25 53
84 85 49
11 10 60
31 54 93
71 69 90
53 38 13
71 50 72
93 43 54
73 71 16
87 88 59
6 30 5
92 16 95
52 73 23
80 68 48
73 93 98
35 39 64
27 8 79
28 98 7
31 69 20
40 64 1
84 83 72
83 79 26
38 12 31
72 19 5
91 71 14
32 8 51
82 6 97
86 62 1
68 4 7
62 70 28
75 85 82
70 57 63
34 5 17
43 71 39
67 44 19
74 21 31
6 22 4
10 15 99
62 63 70
62 51 69
25 26 39
62 45 39
84 32 69
20 44 35
58 26 49
37 6 50
31 28 81
13 91 89
55 39 33
50 18 1
94 5 42
41 43 40
45 2 5
9 63 40
36 16 25
95 73 29
77 14 91
0 43 10
25 33 7
82 48 83
40 86 62
37 99 68
44 37 54
10 28 86
14 5 73
24 12 84
51 56 43
64 91 88
29 53 3
5 25 26
60 72 48
43 90 84
28 49 39
62 88 79
32 4 30
4 6 21
68 90 43
35 71 16
16 79 55
62 73 74
83 60 78
83 86 78
4 80 61
35 0 88
91 20 15
87 22 92
37 22 96
56 67 68
74 13 86
78 99 85
24 36 96
38 97 20
3 76 6
60 28 30
86 74 61
75 18 30
12 84 10
81 24 27
97 99 62
17 61 4
64 22 48
86 33 86
41 66 85
57 87 80
32 15 72
77 76 11
81 16 65
58 3 44
61 17 41
3 37 80
42 43 48
6 44 92
87 48 53
30 23 67
71 93 93
92 36 12
59 30 42
2 55 66
26 31 82
31 86 60
61 24 34
97 38 50
9 99 93
49 97 30
99 37 55
7 1 40
97 84 99
18 80 68
50 43 77
82 1 54
82 54 89
4 12 54
43 27 82
56 39 85
31 60 91
4 27 75
44 20 29
54 10 21
63 51 96
82 64 92
51 78 30
92 89 45
58 56 55
57 94 80
99 67 69
72 16 24
66 46 51
47 68 10
43 20 70
5 48 35
79 46 90
54 38 84
61 76 2
17 2 33
4 91 72
10 88 45
31 21 36
74 75 83
69 87 8
94 62 97
34 59 30
99 26 13
14 99 99
25 56 81
68 59 18
16 45 78
88 68 62
77 44 16
57 8 22
9 47 21
87 72 47
70 82 42
36 98 49
67 31 11
35 84 60
69 90 66
3 61 29
74 76 63
51 89 56
57 0 41
87 5 66
10 98 49
45 34 75
25 38 95
39 61 64
69 47 60
49 69 54
40 70 65
51 96 83
47 74 54
38 29 1
80 76 31
58 39 99
47 37 83
62 13 67
71 46 51
31 44 36
36 11 54
39 51 28
83 62 85
42 50 68
80 5 94
92 52 50
12 76 22
79 57 31
63 71 83
66 50 66
71 29 32
91 69 84
95 0 28
25 44 24
31 46 33
17 97 4
82 74 85
71 72 29
91 78 96
30 68 31
52 60 75
32 23 98
26 12 21
68 17 57
12 87 91
86 80 95
57 31 79
85 59 88
74 18 2
7 38 4
55 32 45
50 92 29
53 7 66
43 80 14
69 36 36
55 53 52
32 25 98
89 35 22
0 3 40
96 29 89
32 96 73
49 74 5
50 33 6
28 71 29
7 97 71
40 48 92
80 11 90
49 31 37
41 61 45
65 52 40
89 30 83
22 34 65
10 91 79
40 27 46
1 87 86
7 58 94
0 23 66
60 91 22
71 30 1
34 12 11
46 62 6
54 97 27
71 66 73
59 84 68
7 67 74
85 60 86
95 56 2
25 68 74
19 44 67
80 56 3
14 93 82
28 89 31
43 73 75
29 60 2
35 50 23
48 86 61
88 4 8
50 11 88
69 92 74
30 62 52
65 24 33
36 46 57
89 0 28
74 23 75
42 12 88
86 17 74
84 73 75
42 21 21
10 8 82
52 54 11
45 61 58
80 64 56
21 93 54
57 84 59
11 40 64
65 36 35
65 49 81
38 72 47
87 1 98
97 36 61
62 78 61
79 5 4
13 5 98
3 40 22
27 25 81
44 65 38
90 45 81
7 49 85
67 60 72
77 49 48
60 81 46
18 91 55
99 55 73
28 69 54
26 93 74
23 13 91
66 37 31
13 28 75
51 70 91
64 23 22
54 0 42
76 41 12
22 27 33
73 8 32
59 13 8
74 22 10
53 40 77
88 43 99
32 14 47
40 9 29
56 51 28
8 18 95
75 66 55
39 43 45
52 24 6
58 64 50
29 4 75
90 3 62
70 28 75
50 77 40
21 79 10
62 90 62
96 50 7
78 72 87
34 52 29
17 66 35
22 44 99
86 60 38
90 36 70
89 19 78
17 96 97
40 13 78
16 44 91
65 74 67
39 98 77
0 99 11
58 33 63
74 86 25
35 69 50
22 73 23
52 48 23
36 81 97
46 77 27
98 27 56
51 81 93
85 43 7
22 96 25
21 78 15
65 9 95
12 38 66
47 0 43
91 50 96
55 94 82
86 52 4
42 87 3
22 24 53
87 97 78
64 1 28
23 76 8
26 85 70
18 69 7
42 77 98
5 63 33
72 67 94
48 73 32
38 47 44
10 74 79
60 43 44
27 66 20
89 20 92
0 29 59
21 24 81
54 8 92
96 24 79
30 51 90
37 49 32
17 28 85
74 52 51
42 49 58
42 23 27
19 55 13
67 7 65
0 8 14
90 47 97
88 3 62
95 72 41
40 99 74
93 4 24
47 62 77
63 67 94
32 33 19
45 64 19
81 87 95
87 51 86
84 42 4
87 46 56
18 44 28
68 5 24
80 4 64
64 45 97
29 73 75
51 28 14
47 94 61
15 11 56
53 63 29
15 65 14
63 7 92
21 0 27
24 1 35
64 42 23
64 28 93
18 51 10
71 32 60
3 64 74
29 96 36
34 95 46
77 0 82
6 41 86
96 83 11
6 62 8
65 59 72
82 17 42
75 44 77
6 74 47
7 23 70
26 67 34
85 26 64
51 52 67
43 86 1
17 11 73
25 53 13
49 56 93
44 10 34
88 10 5
45 60 51
75 38 14
9 92 95
51 26 41
45 17 28
20 64 67
21 54 51
59 1 79
0 25 42
1 79 3
12 74 7
63 89 90
46 10 21
10 50 61
65 21 38
5 51 29
50 81 6
62 47 8
49 24 71
6 26 58
81 55 53
85 48 79
0 54 58
83 15 42
96 71 37
14 46 38
32 22 17
12 40 10
83 76 93
59 27 21
45 71 39
54 87 20
8 53 60
38 27 79
61 89 87
4 0 84
10 37 73
85 75 88
71 85 43
75 31 84
61 46 17
43 41 41
63 99 27
85 54 4
29 23 67
45 32 28
8 67 5
35 58 15
20 52 91
1 12 49
60 1 44
64 33 86
6 34 19
90 51 80
16 11 58
84 92 56
1 50 95
55 82 70
30 1 5
62 97 80
41 63 94
71 51 35
16 87 78
69 12 31
41 38 58
9 94 16
9 49 45
88 97 38
59 5 99
87 58 43
45 51 66
75 64 96
34 62 30
21 42 60
8 70 62
44 49 6
28 70 57
5 75 44
46 55 46
8 21 98
72 27 34
11 48 40
34 54 72
48 14 60
14 78 51
79 56 13
49 40 86
5 90 87
89 82 10
80 46 89
95 93 22
81 53 78
3 94 32
67 86 79
92 85 97
54 81 60
48 18 94
82 46 70
5 68 16
83 68 48
20 24 55
58 55 44
83 75 33
91 21 94
16 60 3
76 26 63
57 53 52
58 20 52
67 98 43
24 22 49
58 95 4
98 38 17
36 20 29
98 73 67
21 44 15
3 33 30
63 49 87
94 9 18
99 57 72
10 94 94
30 72 46
50 51 4
38 11 71
97 14 9
98 83 38
88 92 44
96 9 38
77 1 71
99 92 61
16 3 4
80 71 85
23 41 16
19 13 54
45 72 49
10 53 80
75 58 6
73 15 95
51 41 75
56 84 87
4 83 17
61 52 91
5 2 82
41 27 96
32 70 92
82 37 12
8 26 83
58 17 70
26 11 44
52 86 80
61 62 40
11 24 56
93 17 63
95 6 28
41 21 87
61 2 49
31 25 53
72 90 90
77 20 31
90 79 56
4 9 53
30 36 28
78 31 51
65 17 99
9 34 15
60 32 13
4 46 10
77 48 58
6 4 74
10 81 59
65 48 32
97 40 44
22 80 74
85 92 86
80 70 91
25 95 36
5 81 42
6 71 36
44 7 23
18 9 18
0 42 46
9 18 13
48 3 95
22 25 43
49 4 88
88 51 43
13 6 45
64 21 22
13 35 79
92 54 53
86 7 27
58 97 16
99 46 77
50 70 75
71 87 73
71 64 55
26 20 15
41 91 85
88 98 84
88 72 91
35 44 42
75 30 99
47 2 76
66 15 60
54 26 15
17 20 57
88 40 38
36 22 2
29 74 79
46 76 26
27 48 84
75 7 97
75 39 98
93 65 69
84 71 54
49 53 73
31 76 69
13 59 28
73 5 23
75 33 53
64 36 14
14 28 89
63 47 86
45 21 68
46 69 57
59 80 55
19 25 71
98 28 50
24 90 50
35 64 8
31 81 5
80 95 36
22 53 42
60 25 8
60 6 11
25 52 51
4 73 19
36 61 83
70 24 76
72 64 11
57 96 63
18 87 32
17 89 42
14 19 70
23 54 38
93 13 80
37 63 7
54 78 71
69 1 60
69 4 42
80 51 91
74 1 13
18 79 56
1 70 90
88 7 33
63 85 50
16 83 22
90 95 43
57 49 68
77 16 80
31 45 38
31 48 49
41 46 51
26 40 34
84 79 60
45 11 87
57 36 64
19 17 60
78 15 62
89 4 39
75 68 61
99 3 57
48 60 3
49 70 2
0 52 67
92 15 64
47 44 72
55 13 95
89 3 12
90 38 8
7 43 28
48 10 84
21 92 65
79 83 12
93 47 64
95 53 77
19 10 11
25 96 74
1 90 34
61 10 34
39 13 19
61 65 93
13 44 51
38 10 2
42 58 31
58 2 25
54 86 23
87 82 81
31 90 30
98 37 64
52 11 99
10 86 26
43 72 23
52 81 20
64 79 71
65 72 66
34 90 33
45 29 53
14 68 89
74 58 10
50 7 50
79 34 16
66 59 6
53 22 87
44 47 25
10 36 80
5 88 35
63 75 89
38 4 72
64 94 13
88 55 38
5 96 24
64 50 19
85 82 69
69 60 82
73 18 29
12 67 19
18 65 64
29 34 54
71 62 89
54 80 2
11 63 38
31 39 85
41 78 3
28 25 72
60 79 69
13 61 11
80 20 88
3 97 9
48 69 10
95 39 71
39 5 85
96 57 31
79 35 91
10 79 39
62 92 55
57 88 93
2 90 5
17 47 6
72 37 21
79 3 11
79 8 2
49 65 83
68 12 40
98 25 96
73 2 36
54 58 55
92 49 80
62 7 36
1 69 56
91 80 25
86 22 60
24 57 17
86 98 28
19 30 14
50 9 97
40 96 28
41 94 70
0 24 16
5 41 6
47 23 13
75 52 48
54 68 19
95 44 39
54 70 85
1 49 22
42 68 41
19 33 60
37 90 26
4 18 18
49 75 83
2 82 12
43 45 33
8 78 2
74 62 83
54 59 22
24 42 47
87 37 80
63 13 38
49 60 36
38 89 20
56 42 7
20 49 92
53 57 77
44 28 81
42 3 10
93 35 4
31 5 71
59 66 55
65 4 98
42 10 5
61 12 32
7 17 84
14 70 63
43 0 17
15 35 85
96 41 82
89 24 37
0 4 9
13 60 10
74 61 36
86 47 58
94 69 60
42 18 83
81 80 46
69 80 72
94 54 23
89 27 61
10 52 20
19 88 35
69 38 6
19 57 17
8 76 13
84 3 49
80 36 8
21 61 4
14 10 73
89 72 21
8 80 18
51 91 19
75 17 83
28 0 10
49 90 8
38 58 28
33 31 16
60 37 12
2 78 75
39 7 1
11 99 77
86 27 73
81 86 66
7 56 39
65 56 15
61 4 40
36 17 6
34 75 87
59 58 27
59 67 89
72 14 24
1 19 38
3 58 24
8 97 73
5 60 41
77 26 66
63 6 22
57 45 64
21 13 47
41 60 54
44 80 2
10 9 23
38 75 94
98 10 44
56 62 87
16 64 71
88 32 72
4 81 14
70 94 14
78 53 28
9 60 1
60 61 39
76 79 45
61 64 42
43 33 1
97 70 99
22 39 62
79 23 48
4 24 78
40 52 39
61 6 55
11 87 75
68 11 2
60 30 59
80 49 86
52 84 99
42 48 35
21 77 12
15 67 56
54 27 96
41 14 43
40 8 1
67 51 45
35 57 54
33 2 55
3 22 47
19 78 1
34 87 86
71 5 70
9 19 85
20 47 32
17 10 3
95 12 36
30 84 38
66 84 10
4 55 50
50 71 19
48 35 29
36 55 20
9 22 59
87 68 47
94 35 20
68 56 67
50 2 17
13 36 62
26 33 32
21 59 29
23 15 23
84 91 58
35 65 45
67 11 56
51 57 72
49 10 36
4 84 55
92 57 15
70 43 75
65 16 47
20 46 60
29 27 81
42 44 30
54 60 20
99 84 18
50 25 9
96 58 16
98 70 30
27 87 12
62 94 53
80 23 83
27 76 51
10 1 19
36 48 39
86 36 18
18 67 85
45 23 42
25 58 23
49 38 47
60 86 51
24 47 42
76 75 85
17 79 51
94 0 62
92 1 88
69 61 28
12 94 74
64 93 52
55 89 70
62 87 48
68 70 19
56 19 3
80 47 78
12 49 76
86 49 39
83 77 74
87 19 30
67 22 62
58 76 63
84 8 84
98 99 64
10 54 19
77 88 44
12 50 7
71 27 40
63 54 23
12 21 27
67 48 29
83 96 96
52 55 6
3 99 99
37 11 84
78 14 57
39 35 59
19 63 43
92 10 29
2 16 76
71 65 93
60 26 98
40 25 75
66 40 70
22 12 88
3 90 67
19 6 79
74 3 71
21 62 17
23 71 66
87 52 60
40 30 84
83 51 83
84 15 5
86 50 93
65 33 15
99 31 81
25 94 40
34 80 11
24 41 35
5 13 94
58 69 61
96 66 34
86 81 60
99 0 62
78 69 48
7 19 19
29 13 58
94 47 8
31 19 18
48 47 86
24 23 53
80 35 84
75 8 7
87 69 19
50 62 55
98 15 39
58 50 1
55 28 74
77 73 65
76 18 63
41 57 55
77 85 49
73 27 2
83 14 98
61 50 83
12 20 99
96 81 43
2 9 54
99 2 69
55 17 42
16 41 28
84 60 48
77 87 81
18 1 27
71 54 50
18 32 99
72 36 57
9 25 51
88 76 92
25 13 8
95 57 52
21 96 19
19 18 82
11 34 81
87 86 29
31 7 45
8 85 55
89 26 62
43 54 24
29 36 49
71 16 37
20 51 2
98 29 42
0 90 60
79 59 63
44 90 10
90 26 67
46 49 18
99 25 2
1 76 65
56 57 3
98 54 96
57 74 30
28 96 50
4 38 93
30 69 4
40 63 70
81 23 42
63 78 55
97 13 17
51 44 66
32 62 33
48 58 3
10 2 22
59 74 90
19 39 77
77 5 28
74 8 65
4 76 89
55 50 39
83 28 90
81 58 50
66 26 11
83 6 17
24 67 81
84 87 1
88 89 45
16 88 23
92 41 3
94 96 45
67 95 85
30 92 83
6 46 22
20 4 70
53 51 26
40 49 76
14 67 11
35 60 26
25 39 76
30 25 57
61 54 26
28 10 52
17 5 22
99 19 12
58 85 5
28 38 90
60 96 24
10 35 21
72 56 87
78 80 83
14 42 40
84 43 37
33 61 8
36 72 22
2 7 41
92 7 72
41 2 24
20 9 69
75 24 17
88 23 3
7 76 26
54 82 18
18 27 99
71 17 93
60 76 89
28 39 43
79 91 85
35 89 39
34 22 13
76 3 69
95 65 2
56 33 34
2 63 61
88 99 61
42 53 77
47 79 89
96 97 47
10 30 99
39 74 69
35 90 52
9 44 81
30 98 37
16 98 70
99 54 84
18 42 53
22 6 47
65 31 12
92 90 6
6 66 1
58 22 72
52 91 59
63 1 91
21 72 91
60 58 90
45 67 67
12 69 39
88 5 87
36 51 36
14 96 99
24 46 96
3 95 62
32 16 20
17 92 36
18 43 7
39 58 87
21 84 34
49 13 97
98 11 42
60 47 47
33 9 92
53 55 17
34 32 18
27 16 6
93 27 13
33 42 49
29 44 79
98 9 6
87 63 27
59 52 95
34 33 54
91 52 14
13 57 22
63 88 52
68 82 46
16 92 80
37 89 8
24 18 79
22 19 93
37 96 8
81 85 9
63 64 28
76 96 63
67 52 32
12 22 55
98 80 36
58 74 72
20 1 38
10 95 54
8 36 98
85 19 84
93 62 54
11 94 76
75 97 58
91 8 73
69 52 51
5 19 40
62 0 21
35 3 64
38 87 77
63 97 89
13 62 71
98 17 63
59 73 53
35 37 37
15 29 73
29 20 96
1 92 8
75 2 89
22 48 27
5 66 87
28 53 24
61 91 97
38 66 4
33 99 59
81 97 94
21 70 6
18 53 15
67 96 67
60 24 39
86 66 40
0 91 20
83 61 49
73 88 83
37 7 55
43 87 2
67 2 9
54 14 42
77 42 85
29 5 70
95 47 6
8 23 31
92 83 58
91 22 62
0 92 52
55 33 53
43 60 52
10 96 94
86 31 25
70 54 11
91 75 12
49 67 23
61 44 51
56 30 99
24 37 79
66 93 88
32 41 71
3 74 6
8 52 78
71 19 27
27 98 6
18 54 44
11 7 66
69 6 80
3 82 45
42 8 24
13 58 58
78 76 30
34 83 7
81 99 86
6 87 70
25 31 41
6 15 75
79 53 74
77 80 37
59 31 97
93 73 14
81 8 39
85 78 64
38 53 32
61 26 60
72 84 1
60 51 78
86 18 34
74 28 61
87 9 23
26 1 79
51 11 1
76 55 39
96 48 17
42 6 49
65 12 3
75 34 69
69 88 61
18 71 31
50 1 12
75 37 8
66 47 88
47 52 14
88 61 1
93 9 71
8 86 72
95 32 70
43 5 54
14 91 29
16 35 84
81 34 14
55 11 99
14 92 39
36 97 42
24 92 39
68 62 56
30 48 45
7 32 63
17 80 99
16 21 16
57 75 65
60 78 81
9 56 83
41 56 24
50 53 14
77 46 56
99 65 46
85 73 3
79 26 93
44 9 71
30 46 32
0 40 54
16 57 9
90 70 67
60 71 94
31 96 11
77 36 85
74 42 4
5 6 99
3 35 89
70 86 31
50 21 93
33 82 14
58 53 27
4 57 23
96 84 35
0 71 23
59 23 99
16 29 77
3 16 31
20 56 23
7 16 61
59 29 43
94 91 55
4 67 5
93 75 48
52 79 82
46 19 99
20 25 70
72 99 68
1 33 33
70 3 96
86 6 11
82 70 21
69 33 84
67 29 34
20 95 64
13 4 69
66 49 68
83 39 76
58 96 51
78 4 80
6 18 93
55 12 3
37 95 30
81 88 93
11 37 2
78 91 18
59 90 54
78 65 32
5 31 80
93 69 13
3 85 74
73 17 33
80 21 1
57 19 75
43 67 13
90 22 1
73 6 72
19 52 93
32 35 52
62 64 95
35 59 30
2 75 58
8 47 92
7 9 11
18 26 38
57 33 9
97 9 41
92 8 30
95 51 38
37 25 9
86 16 92
34 28 5
6 19 26
53 62 70
95 74 35
13 63 73
39 0 88
56 85 56
47 56 56
84 28 94
78 49 3
19 73 92
57 70 6
31 75 23
28 4 90
47 14 95
37 73 70
76 28 71
30 29 54
58 0 35
73 66 9
68 69 74
7 28 21
58 14 74
70 39 58
40 76 1
96 15 40
93 37 18
44 72 14
1 21 1
18 5 77
58 94 13
66 31 6
66 77 78
65 13 4
77 91 33
14 4 16
26 55 33
13 76 43
12 85 53
45 98 31
15 7 71
97 19 86
28 13 40
77 35 45
6 37 23
85 49 34
43 88 1
4 52 42
99 56 63
86 54 68
79 49 89
55 59 51
31 94 96
7 24 45
52 1 84
37 33 43
93 63 49
68 92 33
95 59 35
73 0 93
9 88 51
74 68 12
12 1 33
87 47 59
32 48 25
95 33 51
90 17 4
47 19 63
12 9 53
79 31 97
46 98 12
66 55 30
21 43 85
13 17 34
88 35 98
94 98 13
24 83 57
50 85 79
24 19 57
40 45 15
86 46 36
42 9 87
66 20 86
28 66 65
40 16 38
80 62 45
3 48 29
9 91 33
77 47 72
67 5 85
99 45 78
51 22 58
37 18 19
97 96 17
20 7 26
34 57 66
31 17 35
56 23 75
49 55 31
11 73 70
73 30 7
36 85 76
43 82 83
54 39 14
2 27 94
99 10 33
55 31 89
79 95 21
66 54 42
76 35 70
7 6 77
26 65 38
60 3 31
58 91 78
37 16 55
89 69 78
94 49 47
38 19 18
56 13 21
55 61 45
38 30 47
14 60 75
34 0 28
33 79 9
72 32 33
15 75 4
84 16 89
