150 5587
91 80 91
125 69 10
126 60 16
19 55 40
41 114 56
75 113 68
82 85 40
65 34 34
66 7 26
123 134 28
23 51 44
94 16 20
126 4 99
68 36 8
93 35 21
101 146 24
116 43 4
36 97 72
108 17 73
93 103 44
54 123 32
80 65 7
72 23 83
39 23 80
69 48 70
122 14 69
141 58 77
69 102 60
118 130 40
56 45 28
118 105 65
72 124 59
27 61 65
50 41 9
99 37 49
3 100 71
101 17 29
38 69 72
99 131 52
129 20 64
48 40 29
71 113 59
89 78 77
36 118 28
7 24 90
10 15 89
135 131 73
82 103 23
98 42 29
23 134 36
96 112 84
120 90 35
78 93 10
100 139 92
135 138 2
56 36 31
40 30 59
133 85 31
111 96 77
66 43 42
80 97 73
17 35 14
145 5 96
101 46 84
108 11 99
67 124 83
19 104 47
47 43 84
62 46 52
90 63 56
8 64 36
40 23 39
28 16 25
5 81 93
78 119 75
23 16 61
61 90 30
113 57 4
7 55 76
81 29 35
10 32 19
83 134 86
89 2 14
68 14 14
100 95 30
109 55 84
136 115 34
70 45 97
26 44 40
117 39 28
89 53 96
1 60 55
143 136 21
64 125 60
87 128 60
70 36 28
85 5 56
132 127 2
6 49 80
122 18 80
131 80 92
71 81 67
72 90 33
54 35 99
10 104 57
7 72 81
39 125 40
114 105 17
62 29 51
140 121 17
52 27 46
68 122 25
119 9 59
38 28 20
58 11 65
73 146 85
132 134 66
89 110 42
121 18 34
95 97 79
141 26 84
11 37 56
24 137 42
0 56 67
17 8 38
3 28 25
35 93 19
106 93 81
76 109 52
0 47 28
11 132 13
8 131 30
113 24 85
128 101 81
68 18 64
84 147 35
70 6 72
107 4 31
121 116 81
147 94 2
75 132 71
79 2 2
88 3 36
50 143 10
56 72 61
1 123 82
124 10 59
8 11 65
78 31 48
19 91 19
56 116 90
75 50 43
139 59 54
99 84 2
75 1 59
60 120 36
143 58 25
108 32 36
84 25 70
58 66 36
123 138 27
106 40 97
136 18 2
61 148 76
127 7 81
73 80 77
133 26 66
54 108 56
23 96 84
67 114 26
59 23 16
140 28 96
142 86 88
33 39 27
90 9 63
52 120 98
34 120 21
66 131 45
21 32 48
33 43 51
83 115 38
79 70 95
105 76 17
3 123 58
30 102 35
69 138 46
113 27 45
144 99 50
79 43 25
54 10 38
39 30 41
96 28 33
52 143 58
114 62 75
114 35 66
42 140 74
88 114 49
98 53 36
30 126 12
18 93 41
24 100 14
132 31 87
101 79 3
64 104 50
13 140 99
58 18 6
55 82 65
76 129 39
116 42 94
45 10 27
68 121 67
40 58 12
108 4 90
52 7 74
113 121 23
57 110 3
149 49 82
15 4 74
103 124 44
108 85 76
131 38 58
1 116 70
50 66 81
2 108 22
74 129 15
9 105 16
57 6 22
105 116 8
5 101 64
88 109 87
1 78 26
79 10 50
68 94 48
4 107 99
36 101 75
60 61 28
31 106 24
21 2 99
36 98 85
21 137 32
145 96 80
8 4 7
44 15 60
103 135 22
10 123 88
23 52 18
23 63 99
108 71 97
29 127 70
71 142 18
87 26 25
103 110 31
125 135 44
1 133 53
12 82 24
78 7 82
103 31 62
0 48 3
23 4 73
107 116 85
122 115 41
61 116 30
7 101 20
49 29 57
41 5 12
57 38 27
9 43 10
48 5 57
70 83 4
100 76 86
42 91 75
105 20 40
2 121 88
109 87 67
128 108 35
124 9 86
109 129 74
9 68 63
92 93 62
120 131 93
68 23 17
20 90 48
101 42 43
55 107 32
11 75 92
130 118 94
63 142 97
41 72 49
116 66 18
12 120 14
95 136 75
31 0 32
18 82 86
63 114 21
61 77 5
61 129 42
90 145 97
1 41 16
27 42 45
57 129 36
22 64 35
137 34 76
33 45 7
108 38 94
91 99 8
11 87 41
57 20 78
86 134 40
115 41 15
34 81 42
2 66 48
21 103 87
33 65 24
79 4 94
148 136 50
121 34 51
117 88 1
31 85 62
101 44 40
71 104 40
82 93 89
58 0 33
112 49 69
35 149 88
100 62 25
149 84 30
117 138 39
50 89 18
130 38 24
97 136 49
6 122 73
33 84 4
62 43 60
141 112 54
64 63 88
76 15 14
6 96 94
93 102 75
111 85 10
27 97 27
99 39 12
84 71 66
139 148 74
109 58 69
115 34 21
143 124 77
117 24 15
122 139 14
3 9 7
50 107 51
14 20 1
51 68 71
149 51 74
107 149 26
20 0 60
55 72 54
34 106 17
15 85 27
73 86 32
28 147 61
89 141 37
149 129 16
3 143 53
132 86 48
76 72 52
135 12 80
99 91 62
26 47 9
140 38 87
120 21 76
126 65 95
29 122 24
88 48 24
44 7 19
84 134 95
40 94 1
32 23 80
73 74 3
77 81 90
63 65 41
130 100 58
103 122 22
37 135 70
9 23 86
120 135 1
136 146 99
90 89 44
67 131 66
38 0 12
63 124 6
77 94 10
136 84 30
93 15 83
24 132 50
22 53 35
19 54 61
48 21 20
30 71 50
43 131 30
69 26 92
13 23 41
48 56 22
37 120 8
115 28 24
5 109 38
142 148 66
102 7 21
104 88 59
34 98 25
1 95 34
60 97 42
74 30 14
107 67 9
23 35 37
64 147 22
104 1 71
21 127 15
118 40 8
141 105 38
138 128 83
119 11 79
22 21 96
105 59 8
97 128 4
63 116 50
8 116 73
62 58 48
136 118 60
0 30 30
44 133 70
121 119 52
37 98 16
83 86 59
50 60 41
124 47 57
110 29 73
118 104 66
75 25 48
8 119 19
55 54 2
59 77 47
70 110 98
109 118 56
92 141 21
86 10 45
138 130 52
131 44 10
7 65 77
51 131 92
121 53 57
66 54 94
75 133 23
35 107 52
109 35 97
61 37 62
87 5 40
35 124 18
3 113 50
94 83 38
7 8 47
129 108 75
131 76 19
11 10 41
68 124 78
105 21 15
81 33 34
65 102 20
148 145 48
135 82 8
87 85 57
45 63 23
136 47 76
118 98 34
37 71 74
142 18 50
88 51 19
24 131 9
32 78 80
101 98 19
27 57 25
20 124 12
114 123 67
26 102 90
68 133 9
48 141 98
22 119 66
143 128 70
20 134 7
110 53 34
4 145 95
128 59 48
134 60 27
8 124 46
47 82 37
40 109 48
56 47 80
88 34 45
58 55 85
75 36 36
14 148 92
79 107 44
144 23 11
82 19 49
41 115 99
62 147 1
117 56 82
107 43 34
47 15 53
71 20 54
145 67 17
84 33 28
63 86 17
59 37 22
77 70 28
64 45 85
76 140 12
137 20 30
91 115 87
52 83 90
76 66 81
118 85 97
3 40 54
92 99 72
79 72 44
62 128 37
68 128 38
55 111 43
87 33 76
95 70 72
5 91 19
117 19 89
144 50 61
36 121 4
22 40 46
74 4 95
64 58 98
106 96 61
48 89 21
143 118 43
2 34 57
44 87 98
47 54 39
76 11 32
13 87 69
115 146 92
99 63 49
43 72 81
50 139 7
125 96 61
85 92 54
4 81 90
63 68 92
106 131 70
121 37 64
39 0 1
21 119 10
95 11 72
38 44 94
34 30 29
35 98 91
68 91 33
133 5 5
131 111 4
17 51 72
3 36 42
102 66 51
5 119 90
67 43 9
65 144 37
7 117 6
121 43 7
25 96 1
115 56 49
111 126 97
58 63 30
25 119 83
99 48 55
54 65 69
62 79 75
38 82 68
129 80 16
94 141 8
65 90 31
0 139 74
140 88 19
53 148 50
46 27 81
65 37 80
40 120 2
141 51 23
25 5 69
119 139 45
68 54 13
44 113 13
69 80 65
90 107 66
57 41 28
108 35 1
28 66 77
84 127 78
137 38 76
97 92 2
61 131 35
127 89 4
71 39 27
63 31 72
39 45 16
135 8 3
67 86 19
108 48 48
40 129 58
95 15 58
62 13 64
70 76 73
47 121 94
64 43 59
130 87 39
109 91 65
93 74 7
3 139 56
11 38 78
29 113 90
21 86 38
64 41 66
78 12 11
44 29 44
122 90 34
129 130 18
138 22 79
112 21 85
53 66 98
58 76 61
55 124 21
9 82 18
7 129 35
12 39 88
144 58 22
31 7 13
100 77 82
111 59 43
15 92 58
102 97 90
42 103 65
117 112 28
61 89 66
65 106 64
76 6 3
68 35 80
50 56 72
83 102 86
54 124 63
17 4 90
51 40 55
15 41 45
41 53 44
95 144 91
14 95 3
124 149 41
114 42 69
148 139 78
101 148 12
34 40 30
96 81 2
64 98 41
135 79 64
130 111 89
105 127 25
29 79 36
99 34 86
103 44 9
120 70 1
130 9 52
64 32 55
45 90 83
101 115 44
24 130 86
12 40 71
53 50 34
146 95 49
118 43 54
35 40 95
6 113 95
91 93 2
97 125 73
100 59 77
21 121 95
25 111 15
18 103 83
25 95 32
5 75 92
97 134 4
104 80 98
85 137 20
4 69 62
95 127 42
66 60 76
53 70 13
13 25 78
41 62 47
107 11 40
28 101 95
129 124 89
11 45 44
11 138 92
124 38 64
62 93 64
92 101 88
2 139 47
77 119 3
31 57 47
40 99 91
84 88 21
144 93 17
22 91 63
105 81 71
115 85 57
44 48 98
126 148 52
6 143 54
148 112 57
73 119 68
142 92 84
23 45 74
114 30 63
44 122 4
16 81 31
125 87 65
149 94 61
68 112 98
104 16 32
144 142 33
5 132 2
61 108 81
5 69 50
61 81 17
18 122 35
142 32 67
40 95 82
100 147 47
48 67 90
69 88 94
96 51 85
93 11 53
61 101 73
41 36 61
45 58 66
106 116 56
132 15 48
9 110 47
76 80 2
21 134 48
44 57 31
89 114 2
17 140 73
130 66 72
84 20 34
65 67 10
78 41 61
48 35 33
111 139 77
70 132 3
36 51 38
39 139 24
36 17 36
94 57 66
96 147 40
96 3 92
66 116 56
104 8 38
131 52 2
109 126 59
2 28 96
49 16 23
126 83 25
91 130 30
45 93 42
53 39 47
34 71 88
78 52 43
63 26 64
9 133 17
129 91 77
104 51 57
81 120 52
13 149 36
33 46 44
43 32 38
140 68 16
133 95 97
27 125 78
113 89 2
49 117 46
23 97 68
97 89 28
5 51 89
64 49 83
78 88 53
120 92 40
38 11 99
54 94 74
66 4 81
51 139 81
72 58 15
146 143 43
64 146 52
117 83 18
135 41 16
115 86 8
85 140 70
69 52 98
28 45 73
44 88 96
37 110 13
34 88 30
62 64 29
104 148 91
55 44 96
34 125 28
54 135 30
113 34 76
62 98 19
87 57 84
109 106 29
53 48 26
76 121 10
63 122 45
145 56 91
123 44 57
138 85 72
91 107 93
1 9 63
146 106 76
89 0 72
73 114 96
146 100 33
143 83 57
70 138 72
21 64 6
76 67 12
55 148 3
104 78 5
106 122 15
43 126 6
96 110 56
15 45 76
86 29 11
97 77 17
2 17 86
144 116 22
113 142 95
18 64 48
83 93 51
68 95 29
29 48 78
44 49 98
40 138 87
118 12 58
26 136 30
45 131 10
35 7 71
23 17 55
24 94 74
59 90 96
13 4 5
39 7 6
120 145 91
114 111 47
96 49 58
43 145 63
63 55 76
12 43 56
107 19 49
7 106 93
27 115 90
24 128 72
108 92 55
85 56 94
45 91 13
120 40 42
133 37 10
118 116 28
135 92 5
115 108 21
45 147 72
96 62 46
132 111 53
29 78 77
119 19 32
23 1 66
138 61 9
88 47 95
4 28 7
67 127 77
142 68 86
55 67 30
69 35 29
83 94 20
32 108 96
31 102 81
21 74 51
87 105 50
142 93 82
65 22 28
57 64 32
122 119 32
22 120 91
82 125 21
136 143 35
73 139 54
125 32 28
131 83 46
57 75 27
42 77 65
83 16 85
44 120 18
2 97 58
75 86 64
119 12 77
65 10 64
66 18 19
106 9 84
93 149 37
140 143 45
57 49 80
111 65 48
50 42 93
73 27 86
5 93 91
102 28 19
124 73 64
111 97 6
119 86 48
100 16 78
25 16 47
66 73 10
136 57 11
138 104 62
74 108 50
115 77 10
26 11 47
120 50 62
8 72 62
85 113 50
61 91 31
132 5 25
21 100 28
101 8 29
116 119 99
75 134 16
94 13 18
93 75 12
53 12 47
50 147 26
4 100 56
99 120 81
90 147 11
126 146 99
59 118 33
123 8 77
104 21 49
39 96 64
82 6 49
117 2 21
107 104 26
96 86 18
142 120 87
65 45 27
25 70 97
107 87 78
28 139 49
37 115 36
23 86 11
111 136 96
26 15 32
83 48 88
19 36 43
12 49 71
68 82 84
38 56 49
125 108 99
90 99 74
25 31 54
81 126 43
46 20 6
103 104 85
58 89 61
117 110 19
2 20 55
62 108 90
120 111 98
53 7 42
49 121 76
8 73 84
18 9 17
146 122 78
135 128 55
61 88 62
85 110 93
127 126 39
41 101 86
147 73 60
127 66 66
49 23 76
135 110 9
118 60 85
114 139 3
124 63 48
30 70 58
85 107 77
107 42 94
75 143 3
44 111 89
75 21 36
28 69 5
32 148 93
29 90 79
103 86 62
29 144 57
50 36 84
52 0 87
5 111 4
14 7 62
75 40 46
54 143 49
114 63 12
6 46 11
27 131 9
80 135 4
143 11 46
93 140 6
78 117 35
100 144 50
81 11 85
78 43 32
72 148 47
139 73 89
59 55 62
82 141 35
3 62 72
117 10 48
11 69 66
113 83 84
27 11 21
126 141 97
66 20 27
128 120 37
88 41 62
114 121 85
95 147 5
36 40 51
101 66 59
71 23 95
58 52 50
1 57 46
91 113 84
6 24 46
60 68 19
129 62 5
72 21 78
17 22 81
100 117 90
32 3 89
102 84 16
145 147 51
86 5 26
48 106 41
137 35 21
25 79 8
52 73 61
53 100 2
4 11 47
89 50 37
88 118 46
44 36 11
100 39 95
30 54 3
8 23 85
47 117 85
14 126 28
29 103 40
135 54 35
79 15 43
40 125 17
85 88 3
36 14 77
3 145 77
18 148 89
132 99 33
117 140 57
82 11 60
67 41 67
92 117 62
124 34 32
101 29 18
86 101 23
139 93 37
64 8 95
84 2 84
50 137 88
117 141 99
22 63 19
143 131 49
113 2 74
3 88 50
107 35 50
91 63 80
109 44 16
17 96 8
26 7 42
42 61 32
83 105 50
106 80 90
135 26 15
113 112 39
95 6 40
90 149 41
90 124 97
77 85 82
103 109 70
114 101 90
5 106 90
23 117 3
116 121 65
20 44 30
75 71 28
147 102 94
51 85 87
5 43 33
21 84 61
68 106 67
41 47 96
59 38 33
133 17 19
13 15 62
118 13 4
71 122 75
60 43 54
125 97 7
83 129 88
136 69 47
69 129 53
143 76 31
97 27 51
34 16 65
75 17 50
22 81 23
145 15 78
16 24 29
45 82 86
129 132 3
66 101 47
111 108 36
103 88 33
53 140 12
122 42 31
114 27 81
142 94 52
25 98 10
45 78 22
20 34 91
10 31 61
118 144 16
106 38 56
27 114 96
145 40 57
145 63 37
57 116 39
121 110 22
94 78 90
14 15 63
53 77 14
145 139 66
120 93 92
53 107 11
137 59 48
77 53 31
107 105 72
45 34 45
23 41 10
72 93 77
37 63 57
1 4 65
131 143 28
96 83 44
95 75 84
149 31 53
58 114 17
99 40 56
35 127 92
44 16 56
8 137 77
45 141 68
101 32 43
49 12 49
9 42 27
148 132 48
79 63 44
117 46 32
109 104 68
98 67 14
108 22 98
18 23 7
109 67 37
71 147 69
3 107 10
124 66 62
16 89 38
20 6 83
147 95 95
141 89 58
115 2 70
111 4 89
56 100 24
82 76 62
49 75 41
53 24 72
127 87 21
90 32 55
144 45 52
130 58 19
41 43 61
47 112 55
57 99 42
91 16 36
25 60 96
30 15 90
121 42 98
137 95 87
75 78 52
12 136 70
20 45 14
0 14 70
21 107 32
145 13 69
102 125 40
61 84 91
106 132 92
97 39 98
94 21 75
99 45 12
46 63 24
36 125 73
24 133 22
93 141 36
83 9 96
38 67 78
101 22 58
127 139 3
4 126 62
114 4 28
27 40 67
32 12 83
129 68 34
82 59 79
124 89 87
107 71 80
129 17 74
146 129 12
102 79 28
63 67 15
90 139 25
39 110 26
60 18 18
4 14 46
91 28 76
16 70 32
48 148 17
108 88 13
40 85 86
31 46 32
128 100 6
28 99 58
53 67 37
134 1 35
45 140 80
137 27 86
38 101 66
44 138 7
95 2 23
96 61 92
112 47 27
129 8 54
78 74 79
39 120 14
9 146 4
130 1 14
35 118 45
31 6 1
30 85 26
134 74 35
16 110 44
145 118 22
29 50 93
11 143 86
116 26 33
19 127 85
99 105 67
72 47 23
60 33 52
142 149 20
60 94 96
57 111 31
100 90 34
13 97 13
116 127 87
65 115 79
90 56 42
76 51 17
97 142 34
9 59 79
65 27 73
136 110 49
85 8 74
96 25 41
15 69 10
0 143 75
57 76 11
101 147 10
27 106 95
47 101 77
133 23 22
6 124 93
79 26 73
53 106 25
91 71 99
93 112 83
111 55 64
128 122 7
77 7 82
135 34 78
37 89 2
63 46 87
107 147 13
47 39 43
59 26 14
140 5 91
60 22 47
66 51 72
111 50 52
140 147 14
72 119 43
144 111 83
110 106 17
87 82 66
10 51 34
36 100 30
101 1 67
32 35 71
76 148 85
28 127 79
73 108 48
75 44 74
12 116 66
43 124 29
62 91 56
17 145 74
135 13 40
131 94 18
77 17 11
127 28 58
27 146 1
66 37 45
109 92 26
96 23 85
108 70 19
139 144 51
109 84 37
10 116 5
88 46 33
71 139 57
58 60 5
137 134 78
87 146 51
105 33 63
111 73 7
25 139 15
115 64 4
119 138 55
29 106 13
119 114 95
70 71 13
132 129 59
68 10 55
57 47 23
11 122 92
142 59 4
148 43 19
31 69 13
64 12 33
42 58 76
57 67 31
25 68 72
71 79 93
75 114 98
41 8 55
89 136 49
134 99 98
140 49 42
64 75 1
63 130 18
24 43 20
91 79 55
94 28 17
120 140 88
75 137 60
103 80 97
135 117 12
82 97 30
39 102 50
104 99 52
1 76 73
113 106 80
97 43 70
143 32 60
6 115 63
47 89 52
8 37 57
64 134 28
55 47 53
82 30 98
22 56 38
32 121 36
115 35 41
37 118 81
133 13 37
95 47 56
53 26 53
70 63 25
113 78 53
104 44 75
108 25 69
16 125 5
118 9 69
45 73 7
43 95 43
135 36 77
36 8 19
112 138 98
74 10 38
76 31 10
98 39 70
119 51 55
50 90 91
4 97 39
37 99 76
61 136 92
124 82 47
15 140 96
27 26 82
75 35 25
80 146 76
137 140 50
33 14 78
24 102 81
112 68 55
10 48 54
3 54 1
89 86 40
139 129 17
49 104 8
11 91 7
97 117 7
97 81 57
8 26 21
67 108 57
48 26 79
33 38 27
94 138 3
62 67 77
87 114 14
130 92 99
70 32 78
143 112 61
117 84 10
54 19 68
101 13 24
118 125 80
107 114 78
98 55 32
143 125 23
124 104 12
97 113 38
64 30 20
57 9 22
113 48 52
45 68 70
49 103 91
5 126 38
73 71 69
135 142 40
67 65 36
121 135 49
3 67 44
97 62 34
66 97 63
30 91 26
72 104 40
66 59 7
143 79 66
76 91 69
109 138 22
91 111 28
118 38 41
53 17 80
137 33 90
31 54 79
45 61 64
60 84 6
112 107 54
17 13 4
113 1 50
124 86 51
107 115 15
65 111 92
102 37 69
14 88 59
24 31 3
51 21 33
79 128 39
20 82 98
50 99 19
124 83 66
33 113 60
105 63 73
123 62 2
35 90 14
93 105 45
112 118 24
125 141 30
59 58 81
127 70 91
28 93 4
111 6 86
13 123 76
50 141 57
147 90 21
68 67 7
58 6 89
86 61 1
60 31 43
89 92 52
88 22 10
32 64 59
9 72 79
128 9 93
14 116 53
99 25 69
144 118 80
94 2 95
118 108 86
109 123 50
2 128 76
71 44 87
100 129 93
93 99 64
148 34 53
49 84 89
79 135 73
116 73 76
144 54 42
68 7 75
121 98 80
146 41 92
127 125 82
120 5 59
3 131 86
9 98 39
105 138 74
66 94 89
89 11 99
3 64 7
58 32 22
68 5 18
97 144 54
66 9 74
140 0 65
27 74 50
21 118 24
26 74 65
50 115 97
79 149 55
13 51 61
26 135 1
13 79 53
37 84 88
6 112 90
88 149 10
32 53 63
132 142 95
78 59 98
69 39 14
39 123 13
75 52 61
31 45 85
38 81 87
86 49 1
37 101 19
16 111 80
129 1 43
36 61 34
99 19 83
148 119 93
130 143 38
127 95 28
13 114 51
54 50 46
20 109 40
2 0 38
49 47 90
112 16 92
131 48 89
127 119 80
41 48 75
106 22 34
134 81 88
142 132 92
102 85 45
30 97 57
115 50 78
49 99 31
3 20 74
113 102 88
19 94 55
61 140 35
15 100 46
82 23 59
129 52 79
11 81 97
52 32 34
16 121 72
3 91 89
54 17 71
3 23 28
126 77 89
20 145 43
10 136 29
55 52 48
126 43 2
15 86 75
46 115 86
58 97 74
19 118 5
73 83 85
60 83 4
130 7 79
60 80 30
22 122 26
87 77 50
25 105 35
121 54 66
81 53 24
77 58 39
101 137 65
78 49 81
139 89 92
17 81 43
129 139 81
28 0 37
133 135 45
68 119 43
118 145 56
93 78 53
30 116 77
105 19 71
133 35 75
123 129 37
142 39 34
25 117 94
131 137 16
143 98 92
82 104 12
20 99 62
90 75 26
124 40 95
27 21 58
44 11 36
100 25 42
145 66 42
41 25 47
40 68 72
92 66 79
117 77 30
99 117 2
39 103 5
122 94 22
9 12 91
124 56 77
69 15 97
68 127 43
41 118 89
34 96 90
36 93 14
63 20 94
28 36 28
9 47 77
121 146 63
109 45 49
112 79 8
14 19 93
55 88 1
81 100 10
135 72 32
19 66 65
110 85 70
73 67 82
139 132 5
38 142 51
15 28 45
131 122 67
57 26 89
148 13 74
54 118 19
120 117 72
74 141 88
116 114 70
42 145 80
91 26 87
19 68 4
6 21 11
62 142 63
102 100 97
16 35 6
120 110 65
16 147 85
141 24 96
50 63 86
19 86 1
113 147 3
17 89 13
110 11 34
134 57 1
81 6 44
56 67 28
147 143 79
109 73 11
79 48 84
37 128 93
24 143 6
90 143 77
62 129 15
44 52 39
101 116 22
33 133 92
41 16 59
19 126 69
94 82 35
38 47 1
14 10 35
58 104 69
68 146 37
80 78 89
31 56 8
92 17 86
0 88 20
126 127 9
130 102 79
30 145 36
73 31 14
90 35 47
79 38 90
79 91 10
117 123 91
58 25 42
18 128 41
31 103 73
95 93 91
4 138 21
20 65 27
123 146 21
10 37 73
95 61 66
18 95 73
53 84 93
109 148 17
97 121 8
50 48 45
71 56 97
22 59 25
59 48 32
100 3 82
41 98 41
38 25 43
85 44 49
0 107 67
51 7 51
72 41 15
67 87 36
141 87 95
76 27 13
96 44 26
55 50 95
24 125 19
53 127 32
22 117 42
13 11 20
107 3 59
134 116 78
141 62 39
62 114 49
66 91 47
102 1 94
66 113 22
48 117 32
128 142 60
44 24 41
38 68 56
52 6 96
83 62 7
10 55 89
34 0 45
1 102 77
120 63 79
97 122 85
99 38 40
67 51 2
12 115 23
9 48 27
70 137 36
88 76 76
95 143 57
125 55 83
92 111 55
86 94 37
101 109 53
59 83 88
96 5 35
90 71 27
119 106 67
39 75 60
36 38 2
87 120 93
109 57 74
83 119 93
73 63 56
41 127 11
20 32 6
51 90 23
16 7 73
126 11 80
37 43 27
5 125 83
112 120 78
117 131 95
112 142 2
113 38 49
38 36 35
30 87 94
60 123 90
38 131 85
47 93 66
85 14 52
119 57 88
138 96 94
2 48 69
86 12 41
118 34 23
76 133 94
13 46 72
149 37 97
82 146 25
121 133 35
115 78 93
110 1 2
89 67 53
99 62 73
9 102 42
129 50 67
60 110 3
52 56 90
11 74 19
103 73 30
102 77 34
91 62 9
40 127 33
45 49 1
134 84 97
85 115 1
28 2 84
78 121 11
16 39 86
28 27 76
79 136 57
131 67 2
119 68 45
59 10 78
56 81 93
102 139 76
83 95 75
25 27 98
93 95 12
34 64 57
36 0 89
74 56 66
60 115 84
23 148 72
105 82 14
67 93 36
130 121 66
45 57 80
45 0 87
130 44 55
6 104 32
57 120 47
37 36 25
117 13 63
141 57 31
48 71 20
75 64 48
103 21 42
133 51 10
4 25 53
35 128 90
138 88 54
144 68 51
72 81 54
31 86 52
10 79 34
138 65 64
101 96 69
93 107 65
123 93 5
33 80 90
14 53 24
31 134 62
54 42 21
90 123 46
67 36 72
49 124 94
49 65 8
110 47 78
6 121 32
60 23 13
6 105 55
96 21 53
30 2 95
34 73 34
41 92 16
25 14 69
30 73 91
30 20 52
14 50 22
136 56 96
86 51 10
107 63 15
19 82 72
57 97 49
106 89 25
21 51 9
13 28 80
68 111 92
71 29 85
26 76 27
25 55 56
118 62 89
16 5 91
48 16 64
149 67 31
107 59 16
17 53 71
34 69 94
75 60 8
90 14 4
47 34 7
53 3 29
138 37 72
79 132 90
15 48 21
7 52 22
109 124 79
24 135 25
127 58 8
89 140 11
45 103 85
108 132 7
35 144 92
111 99 91
123 133 70
149 76 45
16 50 5
111 84 27
59 97 88
116 27 83
96 6 70
87 93 88
3 85 80
112 97 35
66 114 50
136 130 49
84 53 91
90 39 33
110 141 65
12 83 43
3 11 56
141 29 56
38 144 63
89 51 35
32 1 41
66 70 1
146 149 98
142 98 58
128 52 42
65 28 94
16 86 69
94 96 99
17 86 7
87 29 12
75 119 7
51 8 91
8 94 59
137 85 88
81 80 70
53 51 25
98 87 71
98 2 75
39 17 83
114 132 46
98 77 98
2 1 27
14 5 46
8 104 68
120 12 4
110 63 98
89 91 61
86 42 64
5 76 14
131 120 90
53 130 9
120 112 70
58 113 82
142 88 55
69 133 69
122 149 39
26 123 2
0 40 92
73 58 19
141 80 8
37 113 63
98 90 33
42 125 71
65 126 52
32 71 80
45 100 55
60 77 61
131 79 77
68 16 36
41 37 47
38 71 40
145 136 45
62 86 9
144 127 39
117 23 82
125 43 78
61 55 37
39 128 93
23 87 11
41 4 97
36 124 78
146 37 87
56 19 88
124 87 74
140 47 4
123 34 52
92 49 1
61 60 86
39 146 27
10 4 76
77 19 93
18 75 64
1 140 48
1 8 79
128 117 16
126 38 8
121 99 2
137 30 73
108 33 57
96 55 90
100 131 36
102 83 39
60 99 24
3 41 69
100 5 85
20 93 70
138 110 50
14 70 85
89 103 68
19 46 78
14 16 23
61 58 11
28 115 82
123 130 1
102 145 49
135 22 34
45 136 17
28 54 26
5 63 98
29 121 50
15 19 90
133 114 10
128 60 4
106 111 84
31 20 34
134 61 56
128 51 26
41 2 64
112 27 17
71 94 53
133 146 52
71 141 11
134 20 65
47 9 31
81 117 89
130 51 30
49 72 60
12 96 59
97 82 56
112 87 69
63 18 77
32 58 25
93 72 86
135 96 39
88 89 17
37 21 54
8 28 35
140 138 95
11 111 79
88 33 60
115 138 74
20 42 54
97 50 37
50 26 33
15 133 25
141 23 23
35 20 10
73 23 93
67 48 24
136 138 28
116 14 25
92 36 7
132 2 99
103 45 4
114 95 52
36 33 41
47 145 12
149 82 26
31 11 15
52 17 17
39 141 88
39 109 97
76 0 76
107 138 75
23 10 15
123 26 15
69 53 29
69 56 64
65 64 35
33 59 28
49 134 83
143 108 86
65 7 10
46 79 74
139 54 48
19 65 23
149 59 52
87 125 29
139 98 13
100 52 20
70 7 36
132 81 99
29 138 13
66 10 57
106 11 75
139 28 42
136 149 60
22 66 10
32 109 44
123 19 38
17 72 31
87 30 70
14 69 52
44 77 20
68 108 3
39 41 82
59 94 2
135 121 80
113 10 86
103 10 23
72 27 11
20 33 19
45 37 15
58 57 76
27 51 22
2 93 60
90 26 64
57 33 81
90 88 4
91 44 36
85 128 61
137 110 51
34 139 29
102 101 33
118 92 90
139 41 88
110 57 38
95 126 46
100 13 19
34 105 75
9 26 27
107 95 38
138 56 65
74 146 84
63 98 93
82 65 81
133 3 21
22 147 24
135 101 89
54 36 20
101 2 72
4 132 5
30 135 40
25 59 23
95 3 78
33 134 79
49 8 71
121 3 50
130 47 60
46 97 16
118 94 34
42 118 3
112 91 11
105 54 43
121 67 62
15 145 3
13 100 4
68 47 34
128 139 55
97 74 49
15 94 91
116 61 61
125 1 15
14 120 22
29 20 7
57 92 16
85 32 30
113 135 77
82 74 54
37 79 48
82 35 38
35 81 67
30 7 10
48 76 6
81 14 85
145 140 57
50 10 38
59 113 6
132 34 35
106 57 37
18 101 51
37 62 75
63 57 23
71 138 24
143 0 42
55 130 55
17 137 61
0 36 76
46 133 95
105 91 53
97 101 63
46 92 24
44 106 81
14 115 12
129 71 44
46 38 22
116 115 10
74 37 12
64 149 67
147 44 57
88 52 57
53 135 85
73 64 29
30 132 52
136 112 29
73 50 10
29 10 24
144 14 52
106 77 97
83 72 88
138 77 44
42 45 72
48 94 51
49 122 56
29 11 47
120 49 26
9 52 59
80 37 30
118 39 5
132 64 36
127 12 88
27 52 97
147 119 62
18 80 44
54 101 30
31 124 98
110 146 8
65 73 9
13 6 94
141 12 49
47 131 81
49 39 66
19 15 31
86 114 7
124 67 86
133 45 88
93 3 77
86 2 89
0 53 80
147 20 80
11 58 97
36 42 94
86 138 38
116 129 80
46 16 38
55 101 58
135 95 79
121 105 71
4 33 7
130 59 55
30 29 2
139 143 29
64 20 21
7 20 95
104 139 36
82 15 27
31 101 28
7 43 28
27 105 61
131 31 44
118 102 49
101 57 38
125 104 69
48 62 47
89 12 36
58 64 22
21 123 81
140 69 56
101 21 32
118 106 91
77 148 11
88 79 12
98 63 27
70 111 59
65 48 50
18 118 59
14 67 76
29 112 27
29 59 37
98 111 18
58 71 90
128 90 35
100 26 35
42 97 92
75 30 9
107 140 93
10 28 14
105 69 68
138 136 60
142 26 77
114 24 80
136 119 36
47 3 15
6 83 72
21 33 70
48 101 49
71 3 18
0 103 92
36 126 30
133 124 20
76 39 77
69 11 39
50 108 14
7 3 56
64 10 84
145 91 72
24 26 87
104 95 39
18 30 71
85 80 52
80 134 76
74 48 20
142 23 11
65 68 92
81 85 60
68 71 58
88 58 73
132 107 47
12 95 55
87 104 86
95 123 58
40 10 23
54 58 63
42 34 29
33 101 88
84 28 8
11 84 54
47 63 94
125 18 93
22 73 37
135 148 53
103 38 95
137 81 77
28 40 23
14 38 86
89 134 42
43 120 15
79 85 46
87 86 62
3 117 32
108 82 49
54 136 63
69 24 37
5 136 27
5 31 38
50 19 5
56 44 74
3 8 36
109 83 10
3 127 98
97 147 95
62 7 3
109 120 26
40 115 70
25 24 82
141 144 82
29 65 24
3 104 37
18 105 10
36 86 7
149 61 77
36 148 23
125 128 46
21 83 56
79 54 97
27 123 9
20 70 25
108 60 65
83 74 1
48 103 6
92 59 6
22 112 3
6 129 16
122 57 79
136 5 74
111 48 4
41 65 12
115 100 61
127 54 71
68 65 5
74 92 77
70 105 4
13 146 78
74 84 53
134 130 56
10 93 51
130 0 36
2 59 85
110 133 36
123 3 1
101 122 39
22 111 83
91 103 59
54 122 63
145 27 56
145 131 82
66 78 29
51 27 67
65 147 75
49 106 88
148 31 34
69 2 78
79 41 70
77 3 28
26 41 1
48 52 27
101 123 49
137 87 40
100 36 17
105 144 36
112 83 91
19 95 75
69 38 64
47 55 93
114 122 16
69 64 87
124 90 66
142 110 18
39 118 96
8 57 57
110 132 26
49 136 88
89 100 97
58 85 80
76 4 3
8 68 61
83 79 9
20 69 42
57 21 28
97 29 43
64 22 11
87 126 38
89 68 4
8 59 83
105 149 80
63 16 17
72 67 53
118 35 4
39 92 92
6 75 81
33 3 30
7 85 21
41 21 24
61 17 71
102 75 64
16 124 88
0 134 49
144 52 89
44 105 29
116 3 4
104 136 48
108 134 77
0 124 69
115 29 95
89 76 82
102 111 42
146 14 88
47 138 42
82 108 20
117 34 64
104 70 13
137 8 64
97 69 15
113 148 84
132 74 58
62 76 69
14 144 10
48 80 52
30 36 15
101 138 67
10 114 61
56 109 55
109 75 11
134 85 95
70 146 53
57 107 44
127 27 76
15 30 82
24 17 1
55 133 15
64 51 94
108 34 79
104 72 24
115 16 60
93 58 76
0 77 3
62 68 68
106 114 66
76 111 50
93 2 43
118 79 12
60 149 15
105 17 23
33 4 68
94 149 27
41 39 49
104 42 82
40 64 57
21 3 93
29 85 80
89 84 65
77 73 5
83 37 72
146 76 21
92 121 85
93 108 7
44 102 25
120 25 61
83 25 41
101 134 26
129 19 39
41 97 36
37 78 12
55 102 85
135 103 6
91 120 65
8 112 51
39 46 83
101 33 61
7 62 65
146 119 8
62 37 82
121 11 41
11 105 22
98 101 86
20 138 22
61 65 43
85 68 83
7 146 37
68 37 16
89 107 37
110 119 16
19 45 94
71 148 89
88 39 62
85 89 60
102 18 20
131 59 75
62 130 41
62 78 39
45 7 89
61 30 76
88 87 55
15 76 25
107 139 72
27 22 6
130 64 1
136 65 70
95 63 30
58 99 27
70 97 82
105 56 68
147 51 49
97 21 92
76 90 70
77 88 35
55 136 67
113 56 24
21 116 36
51 77 88
76 105 61
6 12 82
63 70 57
125 146 47
104 7 90
86 8 51
122 47 5
54 128 9
25 90 74
60 100 31
145 127 15
93 106 28
96 90 67
118 6 37
27 14 30
106 33 78
97 124 42
102 118 2
80 40 1
12 93 89
130 40 14
91 9 85
140 27 37
39 49 78
80 126 90
58 96 98
77 50 14
98 99 72
44 108 33
88 113 94
62 81 78
118 146 12
109 4 8
6 134 57
64 108 40
119 100 41
54 130 52
8 25 26
105 45 11
149 60 24
62 20 31
96 124 63
94 144 41
80 7 8
74 100 2
38 64 77
27 76 6
72 126 22
25 148 35
5 110 63
94 148 41
133 70 12
148 137 96
96 143 37
84 41 90
113 54 85
93 83 7
66 67 70
15 103 96
35 121 70
74 105 1
69 47 55
60 69 9
65 103 29
78 5 76
101 141 36
54 139 97
133 43 9
148 131 18
94 59 82
42 4 16
60 40 37
56 40 39
85 77 47
11 97 79
25 89 17
43 11 84
46 113 4
6 132 82
124 85 85
28 100 29
45 92 29
84 102 23
11 48 99
112 34 72
8 16 98
42 25 97
29 125 56
44 61 70
34 126 96
135 2 34
111 43 81
3 98 62
20 68 34
72 69 50
10 80 82
11 82 36
5 56 15
96 97 7
15 44 90
67 107 95
16 46 55
113 109 44
63 61 33
117 11 46
3 4 87
83 104 3
94 127 60
115 31 98
88 117 40
47 80 84
107 90 57
50 135 59
93 76 71
34 118 94
79 11 98
143 62 12
69 131 23
113 23 97
16 101 24
111 89 23
54 38 9
124 60 79
5 47 77
47 134 25
99 95 71
72 116 43
146 108 4
113 82 7
34 94 83
112 46 4
129 7 98
102 76 24
100 96 13
82 81 39
147 89 77
44 63 49
67 130 1
87 148 35
22 39 47
104 123 93
107 108 35
21 139 78
106 18 49
49 74 66
79 60 52
97 57 68
101 19 36
67 134 54
20 139 10
78 8 60
37 142 16
124 45 87
77 2 38
148 18 51
99 102 3
124 69 96
90 102 70
54 71 11
60 90 54
105 85 72
73 57 98
105 142 74
65 98 29
44 146 93
122 129 91
70 18 83
119 91 6
0 24 80
24 21 59
98 71 63
41 86 80
58 144 13
126 0 65
23 15 20
94 126 95
146 103 91
76 128 61
86 70 87
143 26 47
52 66 49
122 20 74
86 0 1
107 76 24
99 2 13
8 19 92
18 22 38
29 132 75
40 148 60
106 74 76
32 101 68
4 37 83
133 56 63
107 40 58
39 15 20
147 141 94
145 21 79
77 67 52
61 71 70
61 32 82
87 68 79
14 143 14
110 24 7
102 64 72
133 139 34
56 15 62
38 59 74
36 68 74
102 21 54
69 81 82
111 70 32
63 33 85
93 56 12
51 44 52
96 149 6
37 77 16
89 97 45
111 28 53
111 75 77
10 139 72
90 37 16
3 93 69
93 109 32
30 4 37
72 14 5
22 48 3
59 60 5
60 29 53
145 68 51
77 96 5
22 17 63
149 24 50
30 149 19
13 94 27
149 41 61
71 30 9
143 67 60
16 33 29
51 80 96
33 97 19
85 146 2
7 82 87
129 70 97
63 40 1
83 32 1
138 129 76
128 107 53
140 92 34
56 136 10
111 17 24
85 129 4
108 23 32
78 30 89
55 147 36
127 72 1
94 90 68
17 47 50
122 64 40
129 100 42
25 122 58
31 96 87
58 83 10
98 83 75
124 100 64
83 5 48
134 91 15
92 28 13
132 75 74
122 133 93
22 121 53
66 75 56
29 88 56
59 46 44
114 43 81
63 83 79
31 81 37
59 51 87
142 139 56
77 38 91
100 72 43
81 77 20
3 33 77
27 82 44
109 24 89
90 40 88
110 27 60
119 14 37
103 8 4
83 30 23
95 53 80
28 121 66
53 49 61
89 56 10
55 108 19
52 41 41
30 134 16
106 95 3
114 0 1
21 11 71
44 45 36
55 26 2
17 136 39
71 128 28
121 8 97
27 70 58
80 76 84
113 66 24
129 110 73
30 103 57
64 80 98
33 100 15
21 90 34
46 99 64
14 51 97
148 71 53
114 31 61
139 71 80
11 40 36
45 25 97
8 132 63
85 106 57
17 73 41
13 19 64
35 100 62
129 9 24
147 121 22
123 143 57
53 82 49
14 76 41
75 140 35
142 55 21
8 36 2
23 113 56
48 125 44
45 126 50
131 123 75
118 42 59
122 36 2
16 31 98
20 12 73
34 70 58
0 51 61
35 94 45
122 70 64
15 122 93
75 66 97
36 138 46
137 112 71
10 16 81
64 34 16
107 109 53
15 102 55
57 0 9
70 108 19
55 38 82
4 105 99
120 128 21
58 139 86
75 34 41
118 10 21
54 12 84
55 79 60
108 100 59
121 73 66
98 70 55
99 58 94
69 71 57
12 107 94
135 97 88
95 35 43
26 122 33
105 125 38
68 79 3
122 68 93
144 122 33
53 31 16
135 40 2
129 22 52
96 93 50
70 117 52
121 10 35
42 62 99
20 98 65
74 62 7
125 98 62
136 73 12
99 96 30
73 39 8
0 13 59
51 13 65
35 117 48
149 103 46
60 65 6
125 25 83
6 120 69
120 61 36
120 127 33
1 101 86
149 62 56
2 110 39
23 27 44
49 132 71
16 25 64
93 50 62
124 42 94
111 148 72
5 62 12
124 120 40
71 37 14
13 42 84
83 0 84
12 114 74
52 55 25
141 128 64
114 60 8
78 25 88
116 50 63
124 4 23
31 129 47
93 65 52
76 92 58
89 55 63
17 68 88
88 91 11
47 61 43
123 21 66
143 37 53
128 7 86
27 88 70
51 45 30
59 126 7
94 10 62
107 48 87
104 19 70
51 109 82
46 93 77
5 38 24
5 138 95
107 137 16
52 138 15
93 90 29
35 65 11
131 21 19
115 26 70
92 38 96
73 46 84
148 5 6
74 124 34
28 68 82
31 73 94
89 29 86
133 0 59
85 102 94
36 143 56
45 129 76
1 20 39
143 13 54
124 54 62
98 17 70
103 13 82
94 42 71
25 85 94
108 58 13
124 61 67
18 63 16
100 24 18
127 63 53
115 82 92
124 125 5
127 106 91
38 88 65
40 142 68
44 131 86
9 116 53
149 117 78
28 124 64
90 69 64
46 31 51
149 100 25
106 141 67
82 69 74
30 27 13
125 14 49
80 22 93
96 135 49
13 139 29
100 120 80
119 6 56
95 48 13
88 66 82
30 39 32
50 58 91
16 13 71
39 38 92
1 73 13
90 16 45
140 148 45
137 9 37
14 71 79
9 6 24
140 132 40
144 57 37
143 121 18
81 133 78
128 8 5
85 67 7
105 10 89
119 123 24
54 51 25
75 45 27
125 26 82
58 102 99
25 73 22
95 141 42
128 84 97
82 107 38
115 137 93
18 37 17
108 50 14
29 15 94
140 89 98
89 37 13
116 99 11
31 15 45
147 83 87
66 46 94
87 141 93
143 134 93
67 4 31
116 52 4
131 24 22
0 66 24
62 92 51
20 52 88
78 14 43
80 83 55
129 84 54
96 144 90
104 4 53
65 66 58
77 74 89
146 69 57
123 116 72
39 31 87
96 45 12
134 82 8
77 37 10
0 87 34
45 123 92
8 55 49
102 16 71
148 0 52
121 7 9
140 116 41
49 14 30
121 90 20
59 52 24
106 134 11
136 50 21
7 143 28
34 143 20
45 137 33
130 145 77
13 31 38
16 61 51
70 89 37
28 77 94
33 74 21
10 68 63
110 75 66
140 9 63
147 45 33
31 40 61
40 144 43
39 18 52
91 133 85
97 55 38
2 129 92
149 21 55
17 40 70
139 4 99
28 58 90
38 24 65
98 23 16
41 120 8
12 36 45
45 31 7
100 10 25
149 55 26
68 8 10
26 99 91
112 8 56
41 84 88
63 79 95
68 50 48
138 71 3
31 95 69
142 58 73
9 5 18
19 40 16
67 132 93
132 77 3
54 142 59
8 134 99
116 139 43
126 119 46
35 97 3
38 85 89
103 11 72
10 41 7
25 101 79
46 7 85
25 116 29
75 95 40
16 128 40
47 23 31
84 109 76
122 16 55
140 45 73
137 3 54
68 77 53
17 82 31
130 132 47
50 13 64
138 49 54
97 120 24
46 19 44
74 7 16
141 7 10
90 60 79
105 18 33
140 71 40
70 12 43
103 53 91
40 101 79
102 149 53
92 144 15
38 133 22
29 18 21
23 75 88
8 10 31
119 55 84
62 113 85
5 11 86
106 139 5
79 82 83
48 15 91
56 22 17
122 28 77
138 97 52
74 17 93
48 149 61
11 89 41
84 63 22
3 111 70
4 56 79
95 89 32
31 8 4
70 86 94
102 141 11
133 19 16
72 71 53
6 1 31
145 107 54
74 149 43
73 75 97
133 90 3
88 107 10
147 68 62
41 29 40
22 49 61
113 134 48
5 142 7
133 71 32
29 111 2
127 45 3
27 136 1
7 96 32
132 22 96
28 149 47
124 93 81
67 1 39
45 28 23
118 19 40
149 11 50
77 22 61
31 36 43
114 23 4
62 112 88
86 22 13
136 78 72
137 50 26
13 113 24
100 133 13
25 83 70
114 46 59
58 135 56
87 127 56
149 121 50
8 7 42
103 131 68
5 117 13
32 19 34
20 72 97
78 65 41
112 140 84
72 6 76
77 89 53
36 64 39
15 97 52
2 125 81
124 130 67
109 61 74
17 65 22
92 72 51
54 83 54
79 78 8
86 38 47
26 129 72
27 29 73
133 116 9
66 12 76
144 107 22
36 79 25
90 95 84
95 135 74
112 42 27
54 145 31
24 8 63
96 146 42
123 108 6
108 118 30
77 44 3
79 13 43
120 15 49
139 63 80
128 1 68
31 25 74
63 133 84
142 96 2
64 38 34
138 131 50
89 125 92
22 92 16
135 83 32
111 67 26
148 23 72
39 95 61
119 37 29
81 19 53
125 63 29
27 139 90
12 1 56
10 50 52
51 4 12
63 121 9
37 96 11
73 38 8
17 120 71
12 139 67
36 110 17
28 86 17
10 34 51
75 98 85
67 111 78
84 118 84
30 12 30
64 93 12
6 93 98
121 5 76
81 9 91
47 31 44
126 44 62
55 142 66
146 91 43
40 49 8
87 10 67
84 47 88
21 71 88
59 140 2
68 38 8
145 34 62
100 28 20
135 30 22
80 110 24
10 101 18
139 45 98
63 102 92
69 7 32
72 36 18
97 44 42
106 115 2
110 30 40
27 138 33
128 45 22
81 135 87
148 22 73
78 139 5
5 53 94
113 46 41
115 44 67
39 2 53
113 100 79
64 27 39
25 81 75
26 105 25
14 61 53
34 5 64
13 54 12
12 84 45
0 119 86
36 34 79
100 60 19
73 117 30
112 58 72
49 140 58
0 145 83
15 108 66
132 122 54
116 51 29
27 102 50
87 145 79
133 125 13
12 126 1
47 71 21
117 118 91
119 79 90
77 131 82
17 30 46
74 137 92
24 55 64
31 120 71
59 79 23
110 83 46
81 57 68
147 91 34
78 68 64
120 34 38
39 115 46
147 42 87
81 10 33
105 29 49
1 44 77
58 130 27
96 109 73
10 45 41
29 129 85
81 38 24
108 84 66
20 37 8
126 103 96
21 101 19
56 26 37
9 57 76
28 38 45
95 5 11
21 37 36
46 9 8
137 36 30
97 25 78
30 53 57
14 62 13
65 50 39
126 101 12
52 4 90
103 55 75
111 44 39
31 18 25
56 50 48
24 33 59
92 11 70
149 91 43
148 114 1
108 66 30
145 82 75
105 101 12
49 18 52
8 113 98
55 19 20
121 28 91
131 60 41
47 50 85
55 0 67
20 94 84
135 87 63
134 89 22
96 0 9
85 83 60
58 48 79
63 111 6
88 143 15
9 64 37
68 66 94
65 35 11
148 45 52
120 132 44
147 59 74
134 148 55
89 93 2
78 118 12
111 29 50
96 78 18
70 130 71
135 144 7
68 29 34
85 58 93
79 106 1
66 22 17
39 127 75
130 128 78
139 52 96
144 36 56
98 75 95
53 143 10
147 34 83
140 98 1
20 143 63
77 134 52
40 54 23
17 26 74
8 95 40
43 140 95
9 99 56
62 59 3
49 91 74
86 36 5
32 25 98
25 97 45
34 12 97
76 107 58
83 40 45
43 144 72
86 35 8
86 48 19
125 82 41
84 78 32
9 80 15
18 11 70
16 6 84
91 39 96
10 42 8
24 129 60
82 136 15
51 28 61
101 133 6
145 132 99
106 61 7
50 2 89
126 130 76
65 61 66
124 32 59
130 69 50
34 32 24
109 37 84
52 61 19
0 42 23
118 77 77
98 96 17
93 16 40
57 119 88
28 46 78
48 24 40
90 114 20
103 37 12
147 134 36
87 47 53
71 36 4
100 141 62
74 143 45
58 72 6
78 85 89
3 55 90
119 147 71
142 16 58
106 6 57
50 20 54
59 30 36
95 137 90
50 77 15
143 135 13
20 105 68
61 5 59
55 8 13
129 140 38
94 24 49
99 66 54
7 98 25
95 142 20
69 44 95
25 78 47
70 100 67
116 6 35
149 12 4
113 128 73
64 62 43
129 98 6
122 84 37
134 58 70
121 86 83
98 134 88
77 36 51
116 64 13
75 128 78
40 14 72
135 113 40
140 108 2
118 119 85
135 43 77
34 100 51
109 38 1
139 12 54
134 7 35
90 79 52
135 116 70
24 105 78
16 148 4
116 2 75
53 37 1
97 46 10
78 110 57
138 35 67
98 58 91
10 20 98
76 34 18
95 130 43
124 26 91
85 41 72
80 95 82
110 78 62
41 52 16
15 112 82
32 119 79
18 147 87
16 145 26
41 89 5
78 92 24
15 124 8
3 148 70
73 6 91
77 102 17
149 45 1
107 79 51
70 101 9
84 51 15
27 135 21
101 90 21
130 95 15
83 60 51
64 124 74
32 18 22
121 21 92
129 147 57
43 119 47
67 38 90
124 71 34
112 84 60
39 59 89
40 26 72
132 146 52
146 46 20
40 28 44
145 76 34
85 21 8
73 82 30
133 58 92
32 37 19
112 63 43
47 73 83
31 122 82
99 149 50
89 63 56
67 22 35
35 45 91
37 61 3
98 91 6
112 130 24
3 102 14
12 52 51
64 139 44
66 58 68
80 43 47
88 147 28
73 128 70
45 138 82
37 107 60
143 129 70
63 127 45
92 10 32
54 11 75
53 86 64
140 136 85
147 138 82
85 97 12
87 60 85
42 32 66
125 53 1
117 133 43
118 132 85
5 86 43
53 20 90
121 74 56
97 40 70
114 144 45
134 71 64
68 62 30
77 18 22
111 74 44
137 58 92
43 100 96
138 117 58
18 16 80
118 124 24
113 126 12
39 147 14
83 133 63
64 88 60
14 33 25
95 73 87
41 138 89
147 61 35
19 129 23
108 87 60
113 146 97
99 128 10
114 56 48
93 84 9
46 40 30
89 128 64
133 122 90
60 8 36
47 4 44
1 121 96
34 112 88
120 146 79
140 36 10
56 124 16
139 96 11
47 115 14
35 75 83
32 82 87
34 41 41
148 77 80
35 70 70
74 15 79
97 34 26
8 67 31
49 67 97
75 5 39
126 72 12
83 96 73
139 46 41
98 78 77
9 54 21
129 12 49
75 136 62
62 107 96
50 98 32
52 75 77
16 62 31
24 69 38
102 44 93
22 142 17
48 59 68
75 97 79
17 85 69
70 74 60
122 4 84
45 71 12
76 45 39
98 122 18
90 65 38
54 23 30
13 105 94
45 86 16
82 132 6
18 52 92
103 82 86
135 51 57
20 127 18
94 55 75
120 134 62
122 148 90
90 50 50
115 69 60
63 131 7
139 95 1
1 109 28
109 133 48
18 125 4
126 142 2
73 43 43
130 17 95
84 13 98
124 98 73
38 1 68
103 145 62
66 19 94
27 25 96
110 60 94
106 45 99
74 140 48
84 24 81
121 139 3
69 41 96
113 71 16
17 5 65
93 138 62
30 9 9
95 54 5
135 80 8
124 121 50
93 0 16
3 112 18
98 16 80
110 103 70
80 111 3
94 63 84
147 6 33
38 14 83
121 29 59
12 50 9
68 81 19
71 42 21
53 137 5
1 79 51
144 148 44
123 136 89
52 119 18
51 92 80
80 96 96
12 149 23
64 106 43
28 90 29
130 101 22
78 23 96
34 113 1
98 51 19
69 106 31
143 117 15
15 116 27
128 49 57
61 34 10
103 100 86
107 111 32
98 133 94
13 72 38
14 35 38
64 85 82
63 107 98
80 102 55
81 2 71
74 12 85
43 70 62
132 83 9
133 69 45
1 96 63
80 4 41
57 8 74
67 63 85
80 44 86
105 0 58
25 115 48
25 47 46
113 107 78
97 85 58
125 148 41
24 32 80
94 1 34
44 130 62
89 130 88
118 45 54
104 22 63
113 120 80
80 149 74
12 131 95
101 125 38
128 39 85
39 22 61
35 3 89
55 125 53
106 49 83
1 144 68
18 59 22
62 143 99
91 12 63
35 126 24
102 105 33
74 142 38
125 122 79
100 20 14
113 8 44
124 145 6
114 29 89
44 41 13
41 28 42
31 4 91
93 68 87
41 95 89
140 48 90
129 104 58
149 95 15
120 22 73
55 6 18
67 92 53
3 13 56
72 73 26
99 69 91
42 105 93
49 98 22
42 63 80
95 140 48
136 76 28
110 12 77
41 113 11
143 29 56
146 34 82
78 6 75
52 11 95
128 65 30
132 102 78
26 139 62
58 143 5
61 80 31
92 142 93
126 95 3
102 109 44
143 87 45
91 60 80
16 130 16
14 21 37
117 8 82
70 0 45
81 62 21
103 101 18
23 9 65
81 103 68
136 134 86
86 44 15
51 30 57
0 78 61
65 130 15
149 128 78
6 0 51
145 112 55
80 144 73
92 22 45
13 50 96
4 125 75
88 129 65
66 119 3
56 60 53
2 33 3
101 119 92
71 121 20
138 13 61
71 123 60
22 65 97
126 114 61
71 21 10
26 38 70
29 83 12
93 40 21
59 12 55
61 128 18
94 139 21
95 98 84
25 136 92
62 136 44
58 128 87
18 113 26
17 48 45
57 52 79
45 48 54
56 62 6
48 28 28
5 20 75
93 125 28
121 40 77
44 126 25
51 35 59
76 52 58
133 84 24
123 81 93
34 61 78
91 126 93
70 17 78
127 46 23
42 46 60
148 58 45
53 108 90
102 31 8
86 56 25
110 138 90
35 87 97
75 55 41
32 15 7
100 50 56
25 42 70
100 2 1
84 38 80
16 96 86
24 12 68
30 59 26
77 97 77
7 42 23
17 34 71
107 142 89
85 70 13
108 78 57
16 21 15
79 138 91
10 40 6
98 47 79
86 125 1
64 69 45
104 115 22
1 50 68
123 125 84
56 28 26
94 69 65
65 91 24
119 128 10
79 45 42
135 16 16
125 40 12
86 75 51
138 80 20
102 136 74
134 86 24
2 57 84
19 122 80
111 102 54
65 36 12
60 39 32
21 141 68
90 141 33
36 105 52
127 99 98
91 57 72
105 8 68
11 33 43
44 80 30
52 1 45
29 97 47
19 8 13
5 28 26
93 22 37
127 22 70
121 72 23
73 30 17
6 87 66
97 51 27
41 104 1
23 115 26
85 69 40
121 33 42
97 141 30
16 38 70
67 98 32
65 80 63
126 48 18
90 74 59
37 16 42
70 103 12
119 144 4
61 46 84
57 115 57
67 79 4
74 79 49
58 100 70
42 139 8
26 89 46
116 105 42
102 112 95
5 82 10
124 117 16
35 141 76
54 14 67
126 125 26
147 50 56
138 91 15
147 8 15
130 127 6
145 126 2
137 127 13
122 33 37
133 136 74
16 103 11
148 129 61
123 83 18
19 32 74
147 77 16
37 141 51
127 61 20
70 81 26
107 122 78
36 23 19
61 6 91
86 24 85
38 72 65
147 133 32
12 9 76
81 59 22
118 112 81
22 23 74
39 69 80
67 138 4
2 44 5
48 123 41
24 46 40
10 103 25
15 43 79
70 49 37
100 148 90
90 98 6
133 62 78
68 9 31
39 48 23
77 87 86
38 10 13
36 6 78
7 124 82
138 93 20
115 37 73
7 116 85
42 0 92
120 115 57
94 86 60
78 131 54
148 15 83
73 130 88
0 25 42
146 113 24
31 93 9
98 94 49
119 32 82
19 6 42
8 78 21
27 31 47
128 134 79
147 132 37
99 17 24
23 76 46
104 66 95
148 107 47
129 121 81
149 75 64
19 92 82
47 110 22
52 133 67
9 49 82
11 99 30
52 93 15
99 79 33
104 26 57
67 123 10
113 141 32
96 106 11
7 147 92
119 64 99
131 74 49
45 115 35
86 89 21
144 2 17
8 21 98
46 65 56
11 25 52
29 107 35
75 144 37
39 61 28
98 124 10
108 79 36
141 142 57
36 31 61
112 70 35
19 123 91
4 46 61
91 98 84
133 55 61
104 98 76
89 43 46
101 24 11
17 71 93
59 34 95
120 69 95
145 137 79
148 109 90
129 136 51
33 141 31
26 124 74
49 30 4
113 80 84
146 64 1
33 73 71
2 74 8
2 39 22
45 122 1
94 35 68
98 141 24
121 112 97
60 30 82
77 84 5
66 138 15
127 4 55
70 43 83
92 126 81
139 29 26
145 25 36
143 141 47
126 12 41
81 30 82
33 102 68
129 114 52
43 134 82
43 9 8
124 11 73
107 1 66
67 42 34
130 80 52
68 148 43
101 35 44
77 99 49
95 128 68
0 73 25
20 148 26
139 102 75
92 24 85
62 106 30
82 7 61
140 118 67
35 39 76
81 63 88
137 144 72
84 126 28
115 149 9
67 2 44
129 27 19
22 110 53
47 127 89
31 41 1
6 140 88
141 46 25
35 46 92
101 64 74
141 39 68
28 135 56
144 15 39
125 68 21
23 20 13
42 31 38
117 63 29
104 109 98
135 65 13
52 121 63
8 136 86
80 91 17
126 100 84
101 130 35
37 87 35
22 29 31
66 108 59
145 31 37
109 86 33
99 70 20
98 45 83
2 123 69
36 146 96
35 19 99
87 131 63
121 140 6
59 143 5
10 64 1
119 108 33
7 144 98
149 40 94
25 64 34
37 49 66
139 131 42
70 135 13
126 33 52
93 119 47
49 48 16
28 118 86
125 111 76
60 35 46
75 82 27
75 58 34
65 49 4
130 62 90
99 68 24
17 25 62
35 49 99
108 57 2
32 20 74
35 21 11
36 13 85
1 82 36
140 75 2
68 90 90
137 101 77
24 148 92
49 17 91
17 108 13
148 113 48
50 57 17
8 109 6
35 36 42
117 66 32
80 100 60
94 118 54
51 11 73
58 78 81
30 40 84
130 129 17
124 147 51
102 62 16
91 109 61
5 67 68
99 43 8
127 131 94
54 29 6
17 141 25
73 125 44
113 125 68
51 9 34
96 142 6
49 7 7
38 52 63
35 115 88
122 23 91
134 72 98
29 135 83
29 2 30
140 41 18
137 79 73
143 147 83
1 37 75
81 24 46
108 105 39
111 56 15
62 85 12
115 102 70
34 116 11
32 74 76
110 124 31
81 128 78
43 80 59
99 1 13
39 55 84
114 40 67
95 13 70
132 40 3
79 28 21
131 66 39
42 138 21
7 95 79
53 146 53
48 122 20
105 38 23
72 130 83
24 5 39
27 34 46
62 44 68
53 132 44
1 52 90
19 41 67
30 3 67
117 1 14
134 103 7
107 141 40
121 32 88
110 142 23
111 101 67
7 37 25
129 38 54
110 115 71
117 69 87
78 38 19
16 137 61
69 36 65
108 148 80
43 25 70
57 89 99
26 121 70
108 49 1
143 91 4
140 84 26
147 66 31
76 106 15
85 109 50
148 68 4
91 143 61
123 100 5
138 44 66
129 29 15
83 103 90
5 146 80
88 122 23
7 105 22
148 41 73
137 63 96
35 73 35
132 57 97
23 127 86
134 56 30
139 27 68
28 104 37
18 119 46
57 22 41
55 137 59
140 117 21
2 141 34
41 20 12
53 113 17
98 132 57
3 12 34
83 70 89
146 118 23
141 122 69
123 7 19
99 115 68
125 131 13
149 15 49
59 82 13
132 53 45
33 137 26
97 86 86
111 82 74
43 45 63
49 86 9
120 96 73
124 6 37
23 129 21
64 91 93
138 9 17
88 92 65
121 100 10
132 145 7
11 79 19
97 127 86
97 99 90
17 2 50
44 97 43
128 78 21
13 24 6
40 97 77
28 82 45
45 19 41
94 74 1
96 14 57
108 121 78
131 132 1
9 148 17
84 34 69
80 17 38
60 36 38
50 103 30
19 79 94
114 73 42
40 63 83
86 126 89
81 28 65
134 115 46
53 0 53
70 27 86
41 124 39
58 23 32
40 90 65
18 5 45
141 52 82
14 73 95
102 127 72
56 37 11
115 111 67
131 25 23
85 116 29
147 40 34
148 147 73
55 4 40
121 93 82
9 40 49
97 11 78
110 96 80
99 56 61
43 103 34
134 19 75
1 19 14
92 61 40
39 6 1
89 88 84
13 40 23
32 31 2
58 42 98
77 145 64
126 42 95
69 90 21
52 136 57
56 125 66
19 4 23
1 128 10
81 83 41
33 44 87
100 44 68
9 103 82
12 145 87
18 134 69
35 41 94
26 31 41
47 36 90
106 145 1
110 70 42
5 77 17
140 93 96
105 140 12
90 81 43
118 32 51
6 68 53
120 44 10
141 127 44
44 147 86
145 7 99
111 83 21
94 136 50
142 69 35
95 10 10
78 45 1
76 97 35
39 34 6
71 5 21
57 148 19
65 78 81
135 73 68
84 100 71
92 29 82
1 134 41
21 117 87
113 22 8
54 144 55
101 91 28
91 32 26
17 12 66
141 42 4
49 145 23
117 40 43
95 22 54
21 44 2
34 28 83
65 140 19
138 67 59
99 78 62
88 119 71
56 121 10
113 19 45
55 134 96
16 56 88
60 6 20
34 2 67
23 120 25
43 55 86
7 141 84
93 111 71
121 143 61
124 79 11
35 105 29
148 99 93
50 111 19
85 81 76
18 74 83
91 17 72
130 27 57
121 85 55
100 134 83
108 98 75
74 54 93
40 52 70
134 143 63
58 68 44
140 110 3
54 21 23
20 75 82
45 39 36
108 6 98
79 59 78
40 107 67
67 13 17
100 37 25
40 114 48
37 53 30
143 120 8
13 93 34
57 123 86
21 6 33
8 115 31
128 113 48
98 43 64
21 65 15
61 127 12
7 134 94
119 67 41
117 52 59
115 105 28
122 141 87
132 101 60
7 35 77
132 113 35
86 147 95
33 131 84
97 65 61
41 56 56
24 68 59
143 35 49
134 47 61
63 76 5
29 32 53
85 98 90
73 145 38
88 142 16
130 86 91
19 64 68
116 32 66
53 125 50
49 56 37
54 106 55
138 124 52
32 55 72
107 5 26
26 61 3
122 95 58
78 10 66
30 41 5
102 137 81
38 100 45
147 140 54
116 144 32
107 128 75
134 31 9
22 83 72
17 6 70
36 149 49
65 141 70
22 118 13
143 138 71
109 121 60
103 84 80
98 102 69
49 120 53
65 24 5
73 120 26
115 95 49
145 59 35
15 23 83
100 19 45
80 50 85
5 133 95
4 54 89
28 57 98
27 120 48
22 15 58
118 136 40
78 97 74
80 56 32
40 34 73
92 130 67
117 120 95
100 17 38
137 48 40
63 15 14
148 1 41
22 124 98
10 129 90
110 26 29
108 138 32
20 73 18
74 77 26
58 31 81
149 116 47
117 30 86
37 40 64
32 33 13
70 61 64
25 142 71
16 127 92
24 82 80
49 0 67
130 90 50
31 84 22
57 135 96
89 44 69
146 83 27
101 60 32
106 3 32
0 4 41
104 134 73
62 1 4
23 43 26
145 24 47
14 139 88
27 1 68
6 65 7
132 50 76
127 50 78
81 74 17
107 7 15
105 27 42
10 141 20
33 32 68
80 62 97
75 47 84
105 11 67
3 44 87
66 127 74
72 88 46
61 138 12
12 74 48
94 41 67
90 83 45
14 22 23
53 8 76
102 57 88
76 88 10
72 76 95
98 85 50
45 16 89
117 16 75
2 7 85
4 140 64
39 58 69
4 95 85
66 69 59
43 108 79
20 95 81
53 27 72
84 79 94
97 139 23
63 125 13
21 92 46
102 24 18
38 143 40
57 133 30
45 32 91
73 142 11
46 26 23
81 68 36
42 28 62
137 91 24
106 47 60
83 13 6
54 84 72
73 105 96
140 25 3
99 103 57
52 88 72
75 3 70
36 53 89
88 30 4
50 67 69
130 117 35
42 111 67
100 40 47
55 12 72
63 132 36
13 48 13
14 98 64
52 12 63
44 84 95
30 13 46
139 7 88
105 77 13
105 39 44
138 90 86
61 23 1
0 123 70
144 35 45
121 94 66
3 31 94
107 45 33
93 104 96
14 92 21
51 58 39
60 67 31
23 33 88
11 27 54
91 129 68
121 61 88
144 135 6
18 36 80
99 98 34
18 48 88
25 0 52
14 146 43
41 14 38
31 74 93
75 76 34
46 81 44
113 69 86
114 57 39
48 69 16
31 72 31
136 35 77
56 0 1
18 138 48
19 125 66
56 104 53
27 121 51
20 141 47
30 109 32
54 24 25
149 88 66
14 3 4
68 20 68
23 14 89
76 46 55
53 76 48
68 130 52
131 28 13
77 9 84
48 138 13
70 102 65
89 1 98
140 34 55
147 74 14
70 65 89
93 110 16
83 140 14
143 45 59
58 110 47
0 12 11
23 121 8
31 132 20
16 57 23
81 113 14
132 78 52
76 47 67
116 47 67
89 79 59
51 94 81
92 67 53
44 37 79
44 13 18
47 12 42
137 51 80
31 58 59
149 14 43
76 101 33
53 93 39
115 67 98
70 112 92
120 53 39
52 124 37
40 89 43
51 16 20
118 47 22
62 53 55
26 45 33
103 105 96
9 70 98
39 65 67
86 63 65
46 25 97
50 15 38
6 101 14
86 25 11
80 31 54
129 10 74
103 47 94
54 116 45
72 46 76
57 128 59
79 75 92
109 19 84
27 71 67
72 22 59
145 110 23
12 46 81
82 9 43
58 93 88
82 118 26
60 41 24
139 39 3
46 107 34
2 24 58
85 112 75
114 115 70
50 43 84
137 46 72
59 89 97
69 99 22
127 112 27
105 79 50
72 4 42
142 141 7
26 132 74
107 123 25
19 93 84
45 66 21
41 149 55
49 64 1
111 109 70
80 51 88
29 75 68
60 144 90
93 25 1
55 56 33
57 88 12
117 76 49
49 1 8
2 77 22
86 41 88
111 36 22
123 114 62
115 103 52
122 65 22
43 106 63
86 88 11
38 137 29
73 95 63
63 14 47
26 97 22
28 37 9
73 116 48
103 36 88
149 32 92
105 89 9
128 3 67
36 25 8
91 36 70
108 111 59
25 69 81
103 83 9
27 18 4
148 49 27
102 122 71
90 130 50
62 47 88
128 16 18
1 65 11
116 56 22
119 1 6
145 70 1
116 29 96
82 75 15
127 116 20
18 39 35
90 68 50
19 81 84
122 144 70
55 121 74
94 49 8
136 125 38
121 147 23
127 76 45
94 50 97
60 126 3
49 114 42
50 95 14
39 113 35
87 71 51
147 116 5
80 113 59
68 33 76
75 16 38
0 64 47
115 65 32
12 106 34
3 77 47
77 138 77
19 90 68
28 60 47
130 6 40
20 10 27
138 149 93
145 73 93
40 146 43
130 123 81
121 114 99
46 106 31
0 94 21
136 142 91
19 44 26
91 90 19
58 119 53
20 56 90
5 115 34
134 135 43
64 57 58
61 104 42
60 119 73
53 111 30
41 136 47
4 73 96
18 13 94
77 103 23
49 21 38
39 121 59
79 69 33
107 38 65
29 51 39
41 109 69
59 134 26
109 128 2
42 33 11
37 65 50
127 104 15
91 94 19
114 87 7
21 57 21
141 18 24
116 126 15
40 24 9
127 69 51
87 99 51
122 15 40
35 116 66
89 142 55
51 12 91
29 24 66
120 13 67
38 37 35
68 99 45
104 106 69
114 89 31
146 42 71
23 18 4
77 107 49
149 48 42
143 123 7
91 100 81
121 104 76
0 102 33
109 96 26
36 77 73
71 134 81
72 96 49
71 34 75
9 65 27
42 51 8
81 140 50
84 29 20
146 1 98
133 53 24
86 18 32
107 121 3
145 57 36
1 14 32
64 92 40
85 48 94
104 24 26
21 47 78
66 50 56
6 33 72
27 16 1
104 76 83
38 16 37
6 80 55
75 8 39
52 89 50
122 58 24
89 72 62
92 148 78
12 17 91
107 13 35
78 48 7
3 81 96
98 10 70
48 119 22
57 13 93
145 47 76
108 31 98
36 92 20
70 147 97
39 42 68
5 64 78
106 86 79
98 145 10
4 0 25
76 85 90
12 60 38
38 33 88
45 124 36
41 33 93
64 53 80
35 66 58
96 57 26
81 138 9
121 9 16
49 142 94
83 100 26
138 135 11
27 69 73
62 36 68
133 103 11
26 46 67
142 104 94
40 22 58
140 30 60
11 12 74
100 43 28
56 106 10
42 90 87
19 42 85
52 62 91
82 32 11
15 121 47
57 131 5
53 40 17
143 36 40
122 27 97
114 17 31
66 72 73
42 17 2
32 99 97
100 91 79
81 75 47
124 17 22
139 86 48
28 24 37
140 142 36
35 33 98
87 96 3
55 127 55
91 114 58
131 75 95
90 92 6
41 140 2
42 102 69
127 2 77
139 18 40
86 99 96
99 4 91
103 128 11
126 20 18
141 147 17
27 35 43
45 21 55
17 138 35
105 55 93
30 57 98
87 142 2
75 91 16
127 114 92
146 11 51
69 23 21
70 136 14
90 133 47
125 58 12
120 37 26
132 42 71
112 92 12
13 70 41
54 141 2
70 114 16
64 110 15
36 117 30
57 142 69
29 119 84
47 28 77
137 121 38
42 52 72
32 67 21
134 93 59
19 134 18
109 135 50
134 114 69
6 31 12
74 40 88
86 128 31
50 30 35
89 94 26
82 53 85
144 102 79
98 144 99
70 73 92
126 115 75
22 46 68
13 20 51
60 34 66
137 132 8
98 3 40
147 82 37
104 102 99
113 35 71
109 65 82
94 110 14
124 77 72
9 93 38
79 12 69
145 49 96
107 113 48
63 38 81
31 48 36
33 149 2
146 87 36
92 34 60
21 34 18
48 82 60
120 99 54
110 16 34
124 36 59
149 137 90
115 110 16
35 55 74
110 41 73
52 63 91
142 131 10
48 46 56
87 37 64
76 62 75
108 136 72
47 129 40
57 39 41
17 105 37
45 56 48
142 107 7
30 68 81
14 86 86
76 61 52
90 34 34
43 44 39
113 6 84
137 92 8
12 127 14
87 13 48
113 104 42
8 98 97
48 43 40
92 89 59
54 52 11
66 31 18
123 118 38
11 5 30
144 108 6
22 145 91
125 105 38
41 49 78
38 73 16
19 102 44
39 62 50
2 30 13
144 88 34
33 85 72
21 39 56
49 102 52
66 104 10
39 138 28
44 141 80
20 36 97
72 108 16
69 97 27
97 53 29
73 53 13
146 112 23
105 92 89
126 31 63
124 41 75
45 22 56
38 103 81
35 135 33
66 121 32
5 8 10
149 130 64
59 78 32
135 136 95
127 39 31
22 72 80
48 93 53
43 88 95
95 43 84
8 77 71
62 74 33
13 21 88
30 129 79
146 50 54
17 125 67
34 129 13
55 64 35
40 82 5
126 97 70
5 46 69
62 123 55
9 56 54
74 1 23
31 116 23
116 11 92
53 112 95
138 28 66
20 35 59
71 54 80
139 60 29
68 12 24
21 20 57
22 77 74
121 148 30
50 96 80
99 123 74
24 38 73
131 134 13
110 137 11
83 41 37
103 114 32
85 49 76
90 59 10
43 47 33
4 32 71
2 42 29
37 97 59
140 78 5
24 118 85
135 67 31
39 13 85
92 106 44
106 147 70
31 43 14
69 147 65
117 126 86
27 99 84
58 9 90
113 33 99
26 29 42
81 101 43
28 8 97
66 126 19
56 87 12
140 123 62
135 18 62
8 29 52
76 79 11
8 74 90
79 112 33
121 4 56
114 55 81
74 113 90
140 127 55
132 148 10
118 84 58
130 42 7
40 131 63
141 135 6
64 60 93
28 63 18
10 87 94
86 69 22
58 16 41
29 33 60
133 41 29
35 68 42
110 102 32
15 55 39
61 73 28
128 143 2
133 25 41
116 75 22
55 86 91
17 111 57
92 71 48
53 102 27
16 67 46
73 40 85
45 1 52
22 125 30
95 81 61
57 145 72
129 30 12
19 59 87
23 42 8
23 99 46
52 104 67
22 101 24
100 27 28
105 67 59
66 21 79
122 9 47
98 107 7
82 120 5
137 99 96
91 0 91
84 138 18
82 16 87
85 9 24
44 103 88
58 5 6
105 3 65
24 142 99
113 124 95
84 4 11
60 82 81
0 127 85
107 117 13
38 57 2
5 95 37
63 120 46
138 14 23
94 98 60
97 56 75
38 3 42
46 105 76
134 49 88
148 7 7
130 28 20
97 5 12
18 49 83
94 117 98
103 99 80
101 55 39
66 98 66
40 47 2
34 97 6
23 139 10
75 46 75
48 3 25
13 36 90
76 137 53
145 99 23
16 59 50
94 64 45
28 113 88
81 47 11
84 124 30
52 69 5
105 22 7
123 2 42
74 103 12
79 139 8
128 15 64
115 59 61
37 32 21
83 107 65
70 29 31
114 146 49
9 121 7
108 142 69
63 0 32
57 73 9
40 2 97
40 112 35
74 57 5
52 36 42
109 149 81
96 53 96
38 108 60
9 101 64
93 42 9
127 118 13
112 137 27
121 92 33
126 49 29
111 22 36
16 1 46
22 103 80
142 111 53
9 124 48
141 1 53
36 19 70
4 24 65
98 56 74
7 123 79
21 91 31
124 103 73
74 39 1
129 145 84
48 10 44
73 15 53
8 30 54
102 25 93
148 2 25
105 60 68
18 60 33
106 81 60
132 106 46
120 86 68
131 100 16
126 39 30
78 124 84
114 147 66
119 146 40
2 88 37
3 126 63
115 134 66
108 99 52
133 61 42
138 101 89
88 7 73
70 116 74
22 99 22
69 145 4
69 65 69
63 110 34
64 95 78
39 134 18
52 26 49
115 136 54
10 22 23
37 45 71
39 24 72
53 90 23
131 32 13
108 61 98
127 96 61
26 30 36
29 128 63
100 38 57
49 24 9
37 93 65
141 28 36
112 110 48
100 97 13
24 138 55
31 104 49
76 93 47
21 147 41
86 132 51
147 58 93
48 36 58
7 45 43
6 3 87
22 138 70
96 95 18
84 69 26
149 133 39
92 27 2
81 105 99
9 149 22
125 143 98
28 103 79
43 52 88
50 25 62
65 93 7
21 114 24
131 71 23
107 132 81
109 139 56
20 114 73
16 51 83
23 37 51
23 107 42
128 33 75
62 132 67
129 61 10
11 126 67
9 84 80
59 20 45
143 17 64
91 101 68
46 122 77
25 114 52
114 3 12
78 82 53
121 44 61
39 85 18
72 53 59
149 104 11
129 36 6
