200 9950
111 133 69
51 156 54
154 43 17
85 103 14
96 83 72
115 35 79
117 101 29
157 52 79
117 91 35
5 67 68
82 178 21
42 179 30
182 83 76
178 135 34
68 30 13
158 57 71
15 197 82
97 175 57
113 46 55
112 107 91
178 71 28
171 114 8
164 37 79
20 81 47
184 126 99
75 138 51
186 45 16
21 158 50
69 3 71
79 92 83
111 99 96
169 10 33
134 186 24
199 152 28
46 28 42
9 7 77
25 100 70
137 133 14
57 189 72
184 120 66
33 144 93
40 13 65
39 173 94
118 79 61
27 160 53
146 69 39
122 110 11
198 154 97
193 159 15
62 17 89
75 98 33
51 178 50
104 167 49
103 74 24
195 152 86
170 1 77
120 137 4
26 181 57
168 22 49
0 15 76
55 93 33
133 82 59
97 121 87
91 192 49
74 57 37
161 101 9
55 40 10
6 21 91
18 151 11
174 181 95
186 23 21
93 140 66
7 70 93
109 175 49
84 96 4
144 22 77
180 130 24
193 14 8
133 44 28
149 116 48
62 119 47
152 169 10
42 8 57
109 118 27
42 64 77
95 81 87
116 76 99
32 9 89
130 29 43
10 197 4
43 133 73
149 179 20
12 19 66
33 12 82
132 90 80
57 182 43
16 5 47
142 39 73
93 12 93
192 78 81
52 96 3
91 65 69
170 111 85
1 15 87
157 172 20
106 156 72
44 78 59
179 31 90
180 142 4
141 153 90
183 163 72
117 68 91
131 74 53
21 59 61
13 12 19
67 19 45
123 157 11
38 153 59
147 91 25
100 61 11
83 128 74
63 191 99
71 4 44
128 112 88
175 127 45
31 143 16
140 170 43
191 31 25
11 114 79
148 41 5
163 132 89
84 93 54
3 59 98
182 84 80
63 192 65
16 196 1
144 30 62
138 160 75
91 107 77
122 174 87
121 118 24
121 131 20
187 111 59
196 189 52
116 123 90
55 108 85
142 51 43
57 181 90
87 185 18
48 39 27
188 194 71
137 75 75
31 35 75
52 37 70
89 194 60
71 112 64
69 7 82
12 151 87
68 77 45
185 159 93
88 83 37
174 39 23
77 172 71
102 0 44
59 180 7
43 68 78
131 88 76
166 32 71
36 71 34
176 16 98
182 155 80
90 142 26
62 24 92
194 127 41
39 124 70
140 132 70
20 135 19
10 71 22
137 80 71
193 55 60
82 154 95
185 62 59
35 44 71
11 60 93
66 53 17
78 197 94
132 8 18
147 8 11
104 134 57
106 138 60
25 59 22
26 147 22
196 111 66
153 0 44
124 121 96
45 88 73
144 132 63
24 115 91
116 159 90
60 85 27
49 81 17
42 161 15
38 183 11
153 103 11
63 82 35
113 21 44
70 179 44
41 32 78
88 172 36
73 178 44
112 162 31
126 97 15
160 46 22
167 43 5
89 54 43
184 151 67
27 161 18
2 60 92
130 106 31
93 62 80
112 136 25
194 64 73
155 1 82
16 15 59
122 164 68
133 199 65
16 90 50
94 151 8
77 63 1
8 99 49
115 135 74
164 142 36
97 73 81
61 93 29
166 140 75
70 168 47
176 83 17
111 82 23
113 95 57
30 112 95
195 11 89
125 137 63
175 62 32
183 197 20
50 151 98
133 5 81
124 41 50
32 5 49
151 102 98
129 3 27
56 41 99
64 191 50
186 98 11
197 16 83
69 73 18
121 43 9
75 49 7
111 190 81
41 63 92
76 175 46
7 138 51
136 123 33
73 9 79
167 156 15
186 109 56
135 199 43
180 28 9
51 61 91
164 75 85
70 16 33
67 193 94
120 172 92
185 149 71
161 180 54
191 100 7
153 14 85
90 43 26
55 107 96
119 145 53
108 14 22
44 64 73
191 159 66
185 150 52
37 168 98
12 9 93
153 21 93
33 153 74
106 51 95
75 132 79
181 143 44
35 136 63
28 171 70
42 28 12
81 162 44
164 21 16
184 164 28
181 135 47
179 19 43
75 62 68
117 82 12
122 67 10
99 2 81
52 155 15
9 6 11
2 0 4
101 119 48
115 183 94
116 0 26
89 53 24
148 167 9
75 15 78
144 38 1
176 63 57
138 115 51
113 174 87
32 121 7
140 100 79
61 22 34
137 81 45
141 184 26
194 13 48
100 1 23
68 23 60
31 179 55
178 161 9
112 125 59
100 105 18
184 108 24
174 102 50
70 172 94
141 16 26
148 4 99
198 161 38
1 117 41
56 60 34
4 49 19
153 159 83
53 2 27
174 17 93
26 177 31
129 140 25
102 7 30
54 181 20
54 53 30
100 168 98
55 10 67
140 37 3
198 179 19
35 2 96
64 17 43
55 101 16
140 25 69
176 84 79
40 172 15
159 191 23
57 178 24
145 29 7
120 121 6
161 124 32
55 127 14
132 53 6
160 38 11
79 22 76
125 29 74
7 170 55
148 135 75
16 7 44
154 150 12
109 193 85
127 52 49
120 42 10
188 31 77
166 16 12
0 102 24
148 175 23
178 108 46
83 136 18
18 22 92
13 45 95
76 58 92
109 136 37
54 90 10
136 169 29
36 122 69
81 20 82
108 93 19
55 164 97
126 30 60
146 44 29
63 97 19
151 121 90
11 98 87
148 72 77
95 108 51
54 124 3
131 81 4
33 89 57
80 13 28
167 79 58
56 66 5
49 91 63
88 194 91
197 126 81
38 31 48
187 61 31
167 135 28
121 27 75
40 1 29
103 71 44
25 1 92
195 62 56
102 158 55
62 19 39
86 126 71
54 26 27
82 182 7
158 159 56
59 48 34
153 17 85
2 148 80
114 46 52
126 22 79
152 163 31
76 57 20
138 25 23
135 146 54
172 140 27
58 148 86
98 80 57
17 18 77
137 10 65
88 196 10
46 105 24
42 189 6
5 1 39
32 30 85
175 54 62
43 187 98
0 137 24
195 86 53
137 87 85
118 25 80
23 85 55
12 92 83
141 40 45
152 198 31
115 65 11
175 45 8
39 198 45
95 121 78
27 171 38
32 184 10
117 69 33
182 134 93
32 45 24
39 68 5
177 50 44
48 50 26
168 160 34
156 92 33
78 17 71
48 6 83
117 140 51
119 14 94
18 17 5
36 133 7
4 179 1
24 113 35
143 117 1
130 19 79
199 159 64
6 192 37
167 189 48
3 5 96
165 139 73
12 93 65
187 4 84
84 168 83
124 30 75
62 196 16
0 43 39
19 160 91
27 107 20
113 62 36
46 51 33
190 95 38
5 94 13
65 119 9
125 57 88
38 23 38
22 49 24
124 164 15
85 50 21
138 53 10
131 20 90
109 197 82
97 199 51
160 26 81
97 51 68
12 58 37
153 122 94
102 81 34
38 81 77
89 93 61
138 175 20
23 135 43
108 153 59
143 84 39
147 159 20
185 99 85
63 165 55
78 145 72
109 134 23
162 131 95
28 71 21
169 81 69
104 140 65
74 144 46
100 36 57
175 125 65
69 153 36
19 86 12
188 120 94
198 105 70
36 10 31
108 91 15
74 20 48
97 134 60
164 161 92
21 138 85
71 108 69
147 182 92
137 97 81
165 195 46
43 173 68
77 36 26
103 135 8
47 19 70
186 68 93
98 141 35
169 173 97
42 155 14
113 161 11
194 39 18
92 1 88
87 134 27
172 145 25
100 165 51
70 188 67
53 123 20
8 2 61
116 4 90
166 69 51
49 85 55
184 33 41
26 95 89
15 161 87
86 134 93
5 105 84
157 78 71
65 14 47
50 152 92
29 155 66
124 133 70
98 121 56
153 45 60
155 126 72
129 146 93
189 62 57
136 10 98
171 48 98
124 85 91
2 54 11
86 199 66
35 5 37
74 73 34
29 135 57
94 139 95
37 109 67
134 181 18
103 77 80
37 121 47
15 142 41
97 62 56
62 130 45
104 51 61
77 138 82
162 26 11
81 8 33
18 47 16
28 86 45
197 178 9
63 178 67
42 163 84
142 161 8
145 13 21
89 12 84
190 78 53
121 23 71
139 178 9
125 198 63
12 96 39
12 77 65
150 161 85
38 22 55
9 190 16
15 102 54
180 7 74
140 20 12
195 140 21
78 36 62
151 181 99
101 111 72
64 153 11
154 122 21
185 52 85
62 61 40
185 49 61
133 166 69
99 47 32
90 153 9
193 50 75
159 91 69
185 12 76
53 142 59
134 150 3
34 180 44
162 97 71
180 152 62
74 121 99
30 164 1
174 191 37
147 130 99
195 111 74
50 34 3
117 3 79
119 30 37
27 129 93
138 68 5
110 63 27
137 114 47
192 100 89
127 195 78
81 11 43
174 176 63
163 137 15
51 18 39
67 170 28
74 160 72
64 32 79
128 193 20
57 137 86
14 150 11
135 142 67
186 191 47
13 140 37
85 92 23
13 16 75
129 36 69
90 100 23
7 72 77
134 190 97
83 159 46
56 58 16
72 29 3
85 41 43
194 118 34
75 92 46
100 104 41
67 187 30
127 133 68
142 130 75
129 128 52
91 194 89
113 54 28
100 5 13
153 32 76
143 65 48
117 183 1
119 84 80
187 145 16
92 195 1
195 49 14
177 83 66
92 160 11
57 12 76
2 117 66
144 113 94
192 38 80
62 53 45
136 130 70
134 101 64
127 70 36
39 28 85
88 58 33
173 6 49
53 184 17
48 111 53
145 52 29
50 29 76
195 172 74
103 1 5
112 168 27
179 124 33
159 13 45
148 68 74
39 196 48
170 93 94
2 72 51
140 60 35
100 57 54
36 172 31
181 193 78
22 85 65
35 81 24
146 116 15
146 194 37
179 5 10
22 60 18
23 106 69
106 163 86
37 110 92
91 93 17
45 15 79
193 146 98
37 8 22
163 30 41
160 66 68
74 178 25
164 38 24
124 37 28
178 121 74
184 88 74
145 53 40
125 152 24
62 189 70
34 33 40
41 68 82
123 132 61
73 135 93
17 64 8
52 147 11
85 124 99
131 179 20
97 52 22
92 156 79
192 36 5
76 127 5
33 166 84
144 168 63
183 52 79
130 64 71
175 113 2
134 111 80
188 161 9
87 2 38
147 178 81
94 54 42
187 198 79
7 122 51
63 120 19
91 53 36
97 138 38
112 122 95
42 94 13
77 197 87
177 75 52
163 152 49
32 195 79
169 117 44
15 40 71
104 19 13
46 148 72
169 175 13
99 148 7
110 19 49
166 71 86
192 186 56
132 38 98
112 28 20
76 161 22
189 54 13
134 133 5
20 15 33
116 26 35
40 38 32
81 71 20
117 125 90
90 149 71
187 94 83
176 58 51
161 65 97
20 28 15
127 26 31
11 164 30
30 177 79
7 48 28
7 16 54
130 125 70
86 57 54
131 0 22
193 43 74
86 36 14
33 124 9
37 15 96
40 19 18
21 182 86
2 160 78
193 192 62
62 109 17
18 91 42
91 189 97
130 118 38
165 191 71
57 26 54
66 165 74
172 40 29
21 88 12
154 141 80
35 88 36
1 126 83
55 45 32
111 66 99
178 156 96
116 59 90
25 164 80
143 192 35
81 163 86
102 2 65
143 81 23
122 90 84
182 170 49
127 180 18
29 3 79
19 67 23
126 130 5
52 59 21
171 5 58
82 35 77
169 157 20
64 123 78
106 78 50
51 183 27
0 3 72
56 120 82
156 141 99
120 64 84
65 175 86
23 98 4
7 12 7
119 35 57
77 34 97
130 44 75
66 136 30
64 30 76
129 75 82
33 172 37
17 154 55
166 58 54
41 193 81
156 52 15
124 149 52
40 117 20
114 166 65
78 135 29
21 180 89
117 111 87
174 65 8
32 119 28
190 72 76
105 157 40
170 103 2
156 178 61
25 28 58
79 83 10
58 69 29
53 197 21
65 197 67
84 170 96
78 174 6
8 65 66
119 17 92
149 185 59
86 105 16
22 72 18
75 85 62
17 112 39
183 172 46
76 170 67
184 86 64
111 2 91
48 63 25
40 169 21
137 25 28
93 19 64
141 185 57
77 184 41
19 50 3
21 9 84
112 146 41
106 30 34
148 54 76
138 131 91
32 51 39
64 179 10
136 76 17
5 39 42
59 128 6
194 125 63
132 114 5
125 181 55
153 10 43
115 198 65
165 102 44
27 39 54
186 48 61
130 37 27
118 92 87
169 75 93
14 73 49
98 96 78
80 151 46
154 90 32
145 167 81
45 107 11
185 131 12
164 3 28
8 152 47
163 98 86
102 52 64
121 67 74
72 190 19
109 11 21
66 146 29
93 105 39
108 22 9
39 172 53
130 165 87
163 84 29
146 90 9
15 41 67
70 80 31
110 103 89
28 182 27
173 194 77
194 24 53
113 145 80
113 41 53
135 130 82
133 78 44
4 17 36
74 147 88
15 100 36
192 102 56
171 150 53
1 30 19
186 103 15
178 107 19
148 124 52
76 50 29
199 160 78
184 80 96
30 170 98
40 8 81
153 95 59
154 100 73
113 16 75
160 27 74
2 10 36
175 194 61
54 110 53
14 142 86
190 126 80
138 99 87
107 103 73
177 135 41
40 189 17
78 186 99
130 11 43
77 22 90
51 9 51
108 83 32
56 188 45
25 161 15
120 183 96
45 0 32
150 72 93
26 136 69
192 56 94
19 33 35
101 133 50
62 0 39
71 26 49
177 14 26
91 178 71
163 6 83
60 124 1
115 83 91
12 122 4
38 106 24
56 30 11
129 183 2
48 16 50
121 138 85
121 123 67
175 111 8
158 12 34
118 163 39
1 32 59
126 162 18
52 156 40
151 2 39
108 26 32
175 74 58
56 158 48
79 31 37
50 32 35
44 16 1
170 175 66
124 189 40
170 119 49
25 76 40
157 105 94
179 44 36
123 139 22
152 43 32
122 144 14
69 123 61
20 19 15
106 43 35
175 42 44
29 15 25
11 2 71
9 73 72
153 22 46
160 129 40
28 123 28
35 117 48
87 92 85
10 65 38
122 7 36
73 168 80
21 120 87
160 82 52
132 65 73
31 158 52
10 40 96
16 131 43
174 169 86
166 141 97
119 165 70
101 167 97
49 110 99
133 153 75
77 141 87
23 83 6
153 12 62
110 2 83
9 174 48
0 74 30
162 22 2
188 108 11
59 113 69
180 95 62
127 178 80
76 47 91
108 132 85
123 112 42
130 47 25
199 119 30
55 44 99
177 7 78
187 117 69
159 112 88
165 31 38
193 87 68
198 112 24
127 61 4
94 156 88
175 176 88
187 186 83
47 68 72
169 176 5
87 154 46
60 133 91
62 12 59
59 50 18
194 154 68
54 16 98
194 119 45
81 195 40
171 140 81
62 172 89
83 176 62
77 119 55
172 126 71
34 170 40
96 129 37
142 128 19
28 64 9
125 192 90
123 32 72
73 37 15
3 118 18
103 43 89
137 40 39
161 189 76
36 144 41
92 163 41
137 144 55
190 33 60
164 165 30
133 172 18
16 54 52
170 154 83
108 154 65
94 6 90
97 137 57
171 32 41
142 146 15
94 47 10
63 118 60
126 196 8
113 115 81
10 106 86
126 112 95
156 105 8
116 112 66
118 184 73
160 111 27
0 32 20
157 19 58
144 188 30
27 90 10
149 57 46
132 63 78
170 186 33
127 32 64
145 122 18
197 83 59
187 66 45
71 107 51
38 72 15
193 78 61
163 164 6
88 111 33
197 61 1
146 3 56
160 86 40
129 145 27
27 186 57
114 96 5
139 180 22
143 12 88
120 180 56
56 181 7
29 84 97
146 45 49
98 16 25
8 137 15
105 39 74
28 126 56
102 44 12
10 47 75
39 187 37
49 134 89
168 126 17
106 101 60
139 188 65
119 62 89
3 163 79
194 27 45
51 75 64
126 122 62
145 11 72
147 77 74
120 160 80
84 76 92
99 80 75
42 51 64
100 140 3
23 96 5
94 150 91
16 1 72
130 9 56
193 45 93
134 70 72
33 29 24
63 25 25
99 127 28
126 1 69
12 136 30
92 127 53
96 55 40
177 88 62
72 112 3
34 114 76
81 170 84
194 133 85
142 162 29
167 9 95
130 43 88
106 62 19
161 142 3
18 105 62
53 19 84
80 46 69
150 176 64
27 17 14
12 48 19
57 18 80
61 23 23
180 171 95
181 133 84
139 99 68
178 84 7
175 95 10
182 17 89
177 87 15
112 141 4
10 37 5
166 163 8
96 27 47
87 13 86
59 144 29
7 11 68
72 24 47
106 142 47
65 28 80
12 28 98
27 15 58
62 47 52
114 16 9
154 169 42
140 125 82
41 75 77
127 174 63
102 60 31
174 103 94
143 69 42
41 74 77
131 71 38
7 19 10
60 70 65
59 71 68
152 195 41
104 168 88
101 165 71
94 124 68
31 187 84
139 164 2
158 107 30
26 80 19
116 56 62
136 12 94
68 121 64
131 93 22
81 5 60
198 97 51
150 139 4
56 5 81
121 101 3
147 13 51
173 68 62
180 140 52
70 180 98
54 189 62
123 37 98
156 148 86
96 39 24
97 35 54
104 129 67
131 13 57
78 54 1
180 80 66
54 21 50
188 119 29
163 165 4
28 142 59
198 135 90
38 18 72
37 28 28
69 182 65
23 134 54
136 59 19
48 175 33
116 43 5
82 179 4
141 56 99
96 37 47
13 104 26
103 60 91
109 27 96
116 174 51
164 160 79
120 127 7
165 29 90
37 0 91
162 52 48
85 197 9
45 54 65
183 150 18
156 119 40
148 111 47
144 103 3
112 29 74
43 53 58
22 196 56
46 106 18
57 112 71
78 160 38
196 25 61
113 184 87
175 141 25
25 47 12
115 1 75
38 84 88
32 192 81
159 165 9
153 84 96
21 149 3
9 196 72
178 118 44
144 16 18
142 26 76
158 120 96
19 44 21
144 169 25
114 167 48
59 93 58
186 127 90
2 174 54
105 47 45
31 75 43
98 15 2
56 159 64
134 120 85
44 19 1
118 103 32
1 62 24
141 136 57
64 46 63
147 86 4
22 167 13
167 39 4
160 6 79
175 90 66
71 177 98
193 170 74
14 27 36
136 112 98
147 92 98
22 169 50
128 74 60
164 29 77
121 119 24
61 88 65
46 66 37
103 54 3
125 97 54
104 111 70
50 153 88
17 1 45
181 172 32
79 187 62
47 74 45
143 186 15
145 72 1
98 58 87
115 3 70
113 179 99
35 129 98
53 0 62
136 132 45
66 89 12
172 67 99
34 1 23
166 47 59
14 17 77
195 58 11
20 66 11
114 198 93
120 101 94
184 43 75
15 89 68
26 112 82
163 36 51
183 57 33
88 59 67
71 117 97
71 110 3
80 53 53
96 1 71
20 52 60
66 109 80
52 194 38
189 33 46
157 131 26
110 190 35
161 153 86
37 129 70
116 146 29
74 109 61
166 15 66
20 110 82
180 159 78
58 34 53
3 128 60
132 50 55
99 176 16
1 190 41
192 31 37
143 178 88
156 109 40
75 51 31
38 126 51
148 75 80
194 189 74
161 54 37
120 94 60
142 110 81
8 96 51
140 175 90
41 78 38
108 178 38
34 197 49
187 185 90
138 112 64
186 81 42
17 6 92
191 171 81
16 103 74
136 55 32
190 102 71
190 3 49
48 53 82
174 4 94
49 16 61
186 66 98
160 41 78
10 152 92
163 129 32
155 75 77
155 22 50
130 134 61
199 156 9
168 79 54
102 57 88
1 9 84
80 160 36
6 59 43
42 82 53
15 127 37
45 106 14
40 97 46
1 108 55
71 67 21
51 39 82
114 173 36
124 154 11
127 16 55
34 196 81
9 92 38
33 168 14
34 193 37
96 124 3
45 57 55
58 133 26
103 130 3
153 52 31
125 120 49
14 165 37
92 58 25
45 3 90
45 141 56
109 50 32
66 115 18
174 131 13
50 57 22
71 66 24
168 72 14
172 39 38
199 172 58
4 112 44
15 43 62
36 20 90
106 9 68
164 46 70
89 84 31
120 86 97
51 173 87
63 162 33
103 61 10
197 188 93
108 51 86
21 19 97
56 187 50
150 97 1
175 114 82
122 105 37
152 131 2
11 115 47
91 125 60
77 190 76
156 112 23
132 159 34
135 56 89
121 161 10
144 141 16
77 94 55
65 123 10
163 8 4
198 44 84
107 89 34
74 21 93
100 73 96
125 55 1
157 12 77
185 155 15
176 59 46
124 139 72
142 154 17
33 182 92
197 95 97
106 197 82
112 13 66
105 35 36
63 62 75
180 100 85
107 168 5
15 180 46
167 54 33
58 197 68
75 52 8
81 101 38
20 158 13
198 45 34
137 147 46
169 185 24
49 178 87
90 96 6
112 60 62
107 171 25
174 100 35
77 81 63
0 196 58
150 169 74
98 9 63
90 42 47
16 101 35
196 140 39
13 36 59
125 74 52
21 142 88
135 187 17
20 146 15
51 54 30
143 166 4
137 165 52
109 19 33
189 72 96
115 62 42
109 161 37
6 185 51
188 92 74
154 193 15
109 17 6
49 75 3
197 56 37
68 59 95
79 174 12
4 106 43
152 7 68
147 173 44
25 178 68
135 114 79
116 160 5
91 40 11
77 160 76
72 49 56
82 156 6
103 50 16
5 191 38
166 72 16
54 102 35
0 110 67
169 196 74
78 0 15
195 169 23
21 124 97
70 129 24
164 25 8
64 82 77
35 99 25
37 55 34
4 96 88
109 72 8
118 188 19
141 51 16
16 11 58
106 111 20
134 77 91
158 13 37
131 35 53
133 76 69
86 46 77
34 195 24
11 135 77
125 171 61
70 3 67
41 189 29
190 32 41
176 123 85
1 135 94
24 139 43
105 46 77
139 129 52
134 118 84
124 128 87
47 16 78
45 79 75
145 12 93
109 67 65
132 192 66
179 55 26
91 63 27
42 90 13
135 30 7
195 144 99
94 61 95
125 189 39
27 164 32
166 66 71
168 25 79
181 75 67
31 88 5
143 1 3
28 4 53
18 81 20
37 196 7
187 135 44
60 169 52
126 158 47
64 35 19
196 110 53
44 195 75
163 139 85
55 2 20
59 67 2
193 174 76
60 88 79
158 16 80
168 78 35
96 48 47
100 42 83
125 156 94
17 143 8
163 156 60
93 160 49
81 26 31
36 171 21
173 178 22
38 92 64
39 113 83
145 156 22
111 173 21
93 38 68
15 156 30
33 128 16
27 130 55
180 188 33
53 75 33
68 88 33
29 168 52
171 117 4
20 62 92
75 34 65
176 194 51
122 101 72
4 70 10
114 49 31
102 53 29
58 162 38
27 56 43
168 24 19
26 79 27
7 84 27
40 22 91
45 166 73
175 134 77
44 60 42
52 8 90
50 179 97
63 163 88
11 145 15
158 116 73
62 13 69
97 31 8
67 123 91
16 45 76
27 122 69
137 8 47
85 87 59
87 27 71
75 8 55
39 3 83
89 15 21
183 123 23
184 185 58
48 68 93
53 29 99
56 174 33
113 89 41
83 16 27
78 1 7
17 136 15
113 122 38
46 43 42
48 106 23
122 102 11
76 60 27
16 19 61
99 1 50
176 43 58
102 114 49
171 42 8
65 161 25
187 41 89
34 14 55
47 7 94
133 95 83
51 35 68
149 77 91
169 4 50
45 9 92
139 73 66
17 164 76
133 176 42
49 18 35
80 51 44
161 134 78
89 178 14
78 101 38
82 4 94
183 77 73
48 75 47
19 62 96
49 100 95
84 103 47
121 109 12
10 29 7
65 164 51
4 66 40
121 36 60
26 178 95
18 66 7
148 36 86
25 143 45
183 83 38
81 140 4
20 63 14
3 135 17
94 26 14
38 44 9
41 6 2
29 94 70
127 1 61
87 84 22
30 158 36
135 25 64
43 12 20
107 92 67
51 196 87
22 12 1
65 45 38
81 13 48
159 190 85
169 122 83
190 65 59
43 82 45
17 78 37
47 24 44
130 76 32
186 194 45
70 175 64
39 125 57
176 140 98
9 66 28
168 108 84
61 15 88
58 45 73
131 31 87
85 138 25
176 102 4
165 111 96
81 185 52
108 192 80
45 87 19
85 108 42
182 177 79
181 196 63
115 10 38
127 48 17
102 164 50
0 97 89
196 171 55
177 3 66
116 94 84
39 95 21
186 44 22
142 121 13
169 67 5
171 141 62
126 106 5
165 126 99
190 198 20
130 36 14
123 116 50
184 82 31
45 100 73
35 17 72
144 25 52
83 140 56
1 49 2
76 124 53
36 180 85
182 187 89
54 166 76
41 101 25
163 87 77
56 24 51
11 12 48
32 93 7
149 186 24
97 128 74
26 17 49
70 186 7
134 110 71
123 86 50
2 181 6
120 60 29
168 139 63
61 94 92
28 17 83
191 164 32
101 194 87
100 117 1
117 11 51
19 2 57
55 88 78
123 180 98
190 18 40
17 165 81
40 87 10
58 179 4
185 166 92
34 0 37
179 178 63
18 113 6
38 137 17
181 182 79
110 25 70
168 150 94
7 6 94
56 162 24
168 189 15
3 184 99
62 93 39
137 136 99
9 105 28
111 50 32
21 163 41
122 20 66
5 76 59
77 66 8
72 52 2
71 48 6
18 135 81
156 145 34
69 109 45
62 25 92
136 71 4
127 130 97
60 42 60
0 192 56
136 178 30
22 122 68
62 39 11
34 165 34
166 104 56
137 175 31
187 190 59
14 82 56
109 190 98
195 3 7
183 71 65
110 181 90
162 137 85
188 76 50
56 152 50
121 89 74
65 60 41
108 187 66
171 10 22
113 117 75
153 15 46
46 107 16
74 98 33
123 73 76
26 94 87
44 73 85
190 141 90
26 24 85
36 126 93
102 75 2
23 25 36
14 3 92
36 128 25
112 101 12
23 169 30
146 141 84
160 189 31
157 67 8
70 165 27
88 57 88
92 69 72
100 192 35
47 172 64
18 8 39
69 164 57
157 77 68
56 15 45
111 96 85
115 114 42
71 85 45
111 147 69
6 175 25
35 63 89
106 84 70
57 82 15
107 29 64
81 129 31
61 191 8
4 31 29
69 152 76
196 123 24
163 78 27
84 29 21
43 179 22
28 63 20
10 148 48
69 174 81
33 37 24
198 169 67
22 179 96
136 125 6
21 111 61
137 139 20
33 14 70
165 163 24
8 166 36
67 13 74
40 125 14
52 101 16
83 75 57
88 113 15
163 118 6
157 40 31
189 117 95
133 7 34
19 153 83
190 182 60
132 171 64
70 104 79
132 138 87
7 91 5
5 140 76
60 112 74
131 199 46
47 37 68
184 16 14
19 77 23
120 56 57
80 144 5
77 74 94
101 195 77
136 180 20
187 45 85
143 152 49
63 66 43
195 175 18
84 152 83
11 110 26
38 139 19
44 39 94
154 78 40
130 22 22
2 4 36
22 99 53
74 65 49
167 178 19
174 143 85
177 46 80
92 129 6
71 191 78
81 76 10
1 28 66
153 62 49
6 127 95
175 139 95
40 102 60
33 198 57
22 27 15
134 124 39
36 72 84
65 47 14
190 175 58
3 78 76
157 170 30
96 113 31
87 98 48
125 71 69
56 50 78
174 2 43
95 125 9
31 119 63
71 29 84
147 97 77
67 148 98
114 52 80
17 160 23
106 140 65
134 171 60
16 85 18
87 14 35
133 77 25
163 127 70
98 174 46
53 93 76
75 141 93
83 20 17
90 69 52
33 83 76
97 36 82
42 153 77
129 137 82
30 68 74
107 66 82
65 51 27
112 4 48
177 24 92
103 27 16
102 101 45
54 108 25
181 153 46
25 58 88
107 194 67
186 43 66
163 1 10
172 132 95
102 173 6
136 124 16
125 128 99
157 48 12
108 85 76
27 18 29
126 18 99
129 104 7
183 116 99
66 110 48
169 141 60
7 134 1
73 134 23
110 68 54
52 64 20
64 44 74
132 190 91
183 99 47
24 0 94
169 56 22
129 123 30
31 104 62
199 141 62
139 148 4
25 33 82
55 39 96
50 65 28
154 127 23
170 76 26
144 21 71
186 132 90
120 187 7
60 6 50
150 186 64
122 189 92
41 131 51
21 160 15
115 38 15
170 160 15
199 150 50
3 143 8
61 9 8
117 110 16
57 28 5
151 41 93
161 152 32
113 1 56
169 30 86
117 169 98
163 130 9
24 48 14
116 176 8
110 74 37
167 13 17
76 148 19
50 147 5
9 41 7
193 102 12
33 8 45
112 169 22
89 115 94
78 20 79
30 54 49
30 171 41
193 197 97
184 178 77
87 111 34
52 90 86
148 114 58
98 82 25
191 19 99
50 13 94
40 99 71
10 160 20
180 163 62
16 132 25
161 194 15
174 79 9
87 75 76
69 184 79
101 175 9
95 154 76
70 109 18
43 197 67
175 124 92
89 10 49
175 112 39
21 36 68
169 153 48
31 76 45
3 104 42
48 67 41
24 46 62
62 52 29
185 98 21
179 42 89
106 35 30
87 37 30
119 11 36
179 189 43
193 114 30
198 63 32
43 80 61
101 88 46
116 138 47
138 56 91
101 127 83
113 39 74
72 108 16
62 8 77
82 16 65
40 192 13
160 166 84
123 90 88
25 53 50
54 182 24
2 127 86
31 197 45
14 90 4
127 81 46
57 15 57
51 97 54
112 184 54
82 87 8
36 156 71
150 91 1
15 17 32
47 9 43
83 132 97
149 169 70
104 92 5
49 74 86
180 23 6
89 2 64
155 76 97
75 109 71
71 131 26
84 163 59
197 94 55
159 154 53
30 120 53
163 40 60
140 31 97
148 180 68
59 160 41
169 90 3
198 120 45
113 172 25
13 82 66
51 21 85
39 85 25
54 40 32
186 160 88
0 7 42
52 107 82
140 38 9
30 44 51
149 13 50
12 102 98
57 80 32
40 80 20
51 67 58
56 183 91
105 104 94
92 3 3
48 127 48
141 126 3
199 187 70
188 75 50
58 4 78
115 189 38
113 105 75
178 157 8
165 132 29
149 80 52
114 87 52
157 87 28
141 170 35
173 74 64
177 170 61
191 176 33
199 131 21
27 43 64
0 24 54
16 22 8
128 146 98
87 175 57
160 50 1
112 195 69
56 39 52
165 151 95
122 178 25
121 197 44
45 39 4
135 100 76
34 86 30
166 22 71
171 53 43
92 66 69
23 40 95
97 30 37
196 69 22
10 137 13
152 30 42
47 163 75
80 8 79
126 123 85
102 29 92
121 71 48
135 180 13
199 138 21
43 49 77
116 82 80
2 183 8
148 136 3
0 58 57
78 132 65
176 152 91
80 7 53
140 182 23
165 83 45
69 106 69
111 175 88
136 198 1
157 42 61
29 174 99
167 94 10
47 95 69
54 186 53
86 188 92
149 90 40
98 118 60
193 65 29
13 46 56
73 27 74
17 32 34
125 0 20
39 89 66
0 148 23
86 164 23
18 35 80
57 41 57
38 9 58
67 15 63
177 97 15
194 159 4
109 155 76
59 187 98
174 43 87
52 58 80
37 86 22
125 84 38
173 42 16
153 113 5
80 123 23
95 65 11
88 135 17
100 69 82
89 23 98
166 125 36
149 151 2
35 76 6
104 119 62
159 192 62
163 3 17
174 74 19
131 122 67
70 155 90
8 1 82
130 32 58
130 20 17
119 142 93
185 9 92
43 21 80
115 148 54
162 146 56
25 38 64
68 75 25
12 199 3
81 146 62
94 40 28
48 151 50
69 37 53
148 62 21
60 92 58
180 68 99
13 157 16
71 93 86
58 143 44
125 132 56
64 38 33
104 6 93
113 163 80
187 43 74
3 47 86
125 60 79
57 56 71
83 45 91
131 121 49
126 109 88
69 150 4
159 173 11
129 169 23
181 189 74
130 143 55
173 151 59
160 33 67
13 139 64
67 22 17
103 59 87
156 86 56
105 185 61
179 95 71
105 31 62
108 33 74
131 120 80
38 79 70
189 164 70
164 9 1
25 147 41
90 114 60
186 24 37
103 119 15
176 64 57
22 18 7
168 148 86
102 110 66
186 25 47
163 161 73
89 21 25
139 62 37
171 61 33
11 34 61
186 153 74
21 114 90
57 62 97
129 176 60
90 83 76
69 51 45
189 168 26
87 142 29
79 175 60
138 11 7
82 93 18
14 58 7
66 94 57
98 181 92
112 197 97
168 8 21
156 41 42
33 81 76
188 171 19
179 151 55
162 115 90
127 140 89
162 20 95
30 72 49
140 55 71
106 153 27
118 197 46
178 174 74
13 84 12
46 27 31
8 143 41
102 188 21
143 109 83
29 53 83
65 73 18
48 89 42
10 116 97
47 92 13
88 148 24
77 128 42
154 66 14
152 29 62
5 21 13
119 36 24
22 121 60
180 158 33
193 150 60
115 179 32
80 69 65
180 74 73
187 62 43
196 168 74
49 73 30
186 27 72
68 163 93
151 72 78
58 46 6
44 67 71
191 36 29
35 64 87
9 129 2
26 156 63
44 155 35
136 90 10
101 12 23
143 31 5
49 35 18
83 173 27
11 111 59
12 189 54
63 152 53
36 149 20
74 140 60
130 50 89
37 176 52
103 22 44
33 163 81
63 101 80
67 74 57
104 169 44
119 169 66
95 87 7
45 161 62
139 130 95
102 66 10
70 31 83
114 77 15
29 75 45
150 198 15
170 169 60
16 118 19
24 136 27
182 107 19
172 147 92
190 157 66
17 39 83
184 69 98
96 81 92
138 64 81
27 26 35
23 97 86
83 150 93
6 106 14
113 188 14
170 19 29
187 9 23
82 32 27
71 88 16
70 197 49
174 83 51
64 96 76
142 179 49
157 86 29
30 95 75
184 175 48
42 154 30
71 15 64
109 114 56
166 150 19
4 167 2
186 145 69
179 122 78
179 54 6
191 77 88
175 186 93
69 170 41
88 158 33
52 84 88
34 97 16
23 59 92
141 66 2
163 61 43
146 99 22
129 111 9
109 90 61
11 35 18
161 90 87
14 12 76
33 31 6
159 193 42
53 35 40
176 75 80
125 197 68
26 12 69
141 117 81
35 75 22
133 143 66
47 57 92
183 80 18
142 92 21
74 39 91
51 37 27
40 191 89
101 179 41
154 10 75
25 146 96
165 37 1
134 6 23
186 86 90
5 58 7
113 177 7
17 7 86
181 91 12
166 130 89
85 128 62
196 182 62
62 96 21
70 62 29
43 190 31
103 55 9
48 100 2
7 55 10
26 76 57
167 47 47
186 131 61
15 129 79
133 15 30
127 92 33
63 173 54
174 76 35
152 63 50
110 55 65
153 155 33
27 46 74
142 190 77
141 128 57
67 109 22
133 92 64
199 42 74
98 186 38
121 49 30
147 7 49
194 80 26
87 155 59
197 45 52
55 126 44
88 134 91
6 141 80
154 171 96
110 88 98
127 85 70
134 65 6
28 98 42
66 3 99
25 131 63
24 165 23
180 1 78
166 137 17
67 141 42
41 64 13
36 67 97
184 59 29
135 22 91
62 38 83
89 97 41
37 69 37
56 138 29
189 101 16
178 130 66
122 55 48
56 142 52
55 143 66
10 50 7
39 191 29
158 143 40
197 75 84
80 189 60
193 42 43
138 108 52
102 172 46
37 3 17
127 170 28
118 3 59
145 143 52
39 81 47
129 70 23
153 167 89
48 122 68
198 2 19
157 71 63
110 79 27
176 52 38
193 169 3
194 135 65
114 186 83
195 163 33
140 7 11
180 33 78
70 44 8
31 37 11
82 0 88
196 41 23
12 29 25
142 63 85
192 144 5
67 85 70
107 161 67
18 146 55
134 112 20
100 162 14
142 173 19
98 0 95
104 34 18
187 163 29
12 173 20
157 117 87
110 29 16
199 184 90
105 57 49
63 3 71
93 159 56
9 116 87
58 77 35
93 142 61
106 3 39
130 153 60
55 193 71
9 46 98
182 35 28
192 33 87
104 162 94
105 19 57
31 84 96
79 191 94
178 92 16
79 64 47
148 118 44
33 116 57
167 158 79
121 73 62
67 139 75
30 166 50
2 150 13
30 60 72
31 79 91
58 142 70
192 103 16
50 117 84
14 121 4
178 8 1
67 105 33
72 90 56
49 150 49
149 189 44
193 37 29
2 142 12
75 5 90
99 180 8
26 92 54
175 97 89
196 124 54
35 55 84
83 105 8
2 63 39
59 41 73
28 62 58
198 136 33
81 151 5
110 8 53
39 107 37
173 69 53
115 108 37
145 137 67
27 198 7
2 128 2
53 9 64
110 76 50
164 172 59
80 110 78
81 53 44
54 193 57
127 166 88
90 53 63
86 93 28
139 19 55
169 26 97
8 198 81
179 107 79
174 195 69
53 89 63
79 36 70
44 131 53
102 8 73
54 49 19
121 182 97
120 34 18
130 73 63
121 69 91
90 125 24
153 160 13
128 19 66
120 149 31
72 118 61
148 183 2
87 186 12
128 98 41
106 103 44
156 38 43
64 100 98
104 91 1
69 14 37
88 144 38
159 55 26
93 43 87
145 187 65
109 173 89
40 140 96
83 81 6
161 61 25
164 153 61
197 1 68
159 74 61
66 60 37
64 95 41
92 168 92
57 159 40
86 42 69
190 123 24
90 16 99
45 1 61
71 144 5
47 124 17
192 164 37
58 99 49
164 94 75
49 148 93
179 14 21
138 180 16
68 174 96
183 0 72
185 35 14
20 33 53
196 172 37
46 60 27
46 101 65
111 185 89
11 122 98
59 34 40
92 72 46
35 30 86
104 187 43
165 7 16
196 114 28
169 1 68
109 169 71
121 188 6
157 81 52
111 14 16
134 114 37
35 15 49
118 171 15
92 32 3
91 66 87
12 169 89
185 1 3
42 66 66
38 41 46
39 87 95
86 143 31
121 114 8
106 94 42
175 160 82
37 16 55
44 193 91
136 186 54
190 153 36
59 63 57
63 112 2
166 48 47
51 2 14
71 113 3
197 48 10
66 194 11
156 129 58
115 20 42
71 162 75
158 178 81
42 135 39
69 26 95
127 41 75
162 78 97
8 149 47
77 176 30
112 48 14
61 105 54
125 169 74
149 65 3
181 161 55
104 195 4
175 106 30
27 71 45
66 190 20
193 72 15
76 89 19
44 163 47
140 161 16
170 140 14
151 175 79
75 110 1
32 6 19
133 34 84
168 117 3
112 129 85
68 100 55
20 136 84
144 107 87
125 45 16
144 97 24
94 193 73
96 72 76
113 176 96
0 123 85
149 152 30
38 8 54
168 125 64
192 195 90
116 21 59
158 162 23
86 59 66
146 198 81
11 51 14
39 96 24
108 105 89
150 154 43
84 114 9
41 103 26
58 68 10
72 10 93
29 80 65
29 99 52
46 158 16
66 98 75
21 58 90
70 187 43
150 126 50
45 175 85
150 20 5
91 114 96
164 156 34
38 181 9
73 54 67
6 47 58
128 140 57
27 127 31
64 107 49
177 65 58
59 181 1
92 70 60
196 133 35
141 47 54
85 148 26
124 172 44
182 54 95
19 159 8
5 16 42
168 77 83
123 134 1
191 86 72
90 195 53
1 16 68
138 127 24
123 59 61
45 83 21
108 86 94
163 97 68
105 15 79
166 37 56
143 54 86
65 196 42
99 102 85
79 10 14
140 36 46
192 94 98
41 186 42
98 25 73
181 191 17
56 38 49
59 14 87
22 115 78
89 66 42
166 131 11
117 30 20
84 70 51
71 136 4
110 12 60
23 127 86
67 116 10
38 151 36
157 188 39
65 63 36
183 117 94
122 93 72
28 149 40
32 130 47
116 148 16
123 172 51
116 109 8
198 26 66
171 25 29
37 193 3
4 175 72
197 81 76
101 178 60
98 126 66
9 81 89
177 105 18
24 41 54
148 186 6
105 84 45
42 22 46
62 154 65
81 107 4
13 28 17
141 114 2
39 170 69
3 167 88
4 116 97
191 197 22
83 144 43
76 149 6
52 183 97
78 66 21
149 119 33
115 81 37
104 197 33
121 29 53
181 147 33
73 131 43
141 53 67
174 10 89
107 115 19
189 98 81
115 27 63
16 183 4
160 103 91
146 38 76
26 110 81
50 159 59
195 197 8
52 146 97
171 82 81
191 52 97
110 24 15
139 102 86
163 43 36
143 104 86
2 163 28
140 118 72
36 47 58
24 27 37
21 47 70
161 44 53
77 68 77
194 59 65
19 31 5
24 199 86
19 199 45
149 18 48
0 95 45
130 2 30
48 191 81
171 14 40
129 131 21
126 75 60
73 187 83
43 28 7
31 193 18
133 23 67
93 178 90
172 78 68
76 192 71
195 131 11
47 91 52
108 24 4
36 96 95
11 65 31
181 89 83
66 36 38
126 118 96
117 103 57
10 183 8
124 90 90
199 85 33
128 63 98
123 136 45
60 175 25
27 89 62
157 2 95
156 36 69
12 76 73
76 117 46
120 138 97
33 133 77
98 85 53
104 130 17
55 14 29
42 181 69
53 7 88
15 24 41
82 173 88
105 129 71
7 2 38
112 36 11
112 3 94
106 15 72
106 186 6
2 84 54
165 108 15
7 118 90
158 194 33
64 15 88
72 58 42
51 27 68
168 121 11
193 143 54
175 196 69
20 23 63
5 190 42
78 122 87
146 22 15
47 176 58
189 102 79
90 103 50
147 9 35
69 175 71
134 154 88
71 147 44
186 104 20
42 149 6
152 90 56
45 55 40
160 197 4
49 101 20
192 139 29
70 140 29
178 65 4
86 107 17
18 99 67
155 142 71
165 115 4
188 6 14
107 152 28
120 113 62
171 129 77
180 44 69
15 113 73
85 183 25
150 58 73
159 169 24
36 27 51
86 70 96
117 198 33
149 174 18
13 187 90
7 24 25
178 55 77
76 173 73
85 191 69
115 165 46
131 168 28
84 80 67
42 131 76
60 34 22
89 85 80
5 107 55
44 53 99
158 104 51
115 51 67
75 145 10
8 147 5
78 178 4
115 102 94
159 31 3
109 59 46
194 172 88
166 117 3
181 37 64
78 7 35
12 65 92
144 47 70
11 171 49
142 97 46
106 56 48
156 22 30
67 158 4
138 141 65
137 64 52
178 172 97
150 149 18
65 55 15
115 158 74
133 104 67
125 172 39
93 72 86
181 83 63
108 141 31
98 13 90
36 167 9
167 95 88
160 138 63
163 191 42
191 126 67
43 181 9
79 17 63
133 161 64
21 154 49
167 56 43
101 16 66
84 14 81
156 68 62
75 119 28
16 3 98
177 85 54
32 104 69
102 63 95
148 159 27
41 133 50
167 91 32
32 33 84
6 53 82
114 78 69
124 84 73
121 185 4
107 82 34
25 70 31
31 146 9
181 175 22
81 198 69
138 195 9
20 16 90
145 125 82
176 82 65
33 92 50
139 138 75
132 174 8
24 156 46
36 136 29
17 156 4
139 23 6
78 165 77
188 133 34
130 194 92
25 119 15
28 147 21
146 91 82
77 114 14
159 87 30
152 67 19
98 86 76
146 27 41
123 48 90
5 81 56
180 148 69
68 46 99
101 62 50
37 98 18
169 22 24
124 57 22
46 40 92
120 185 45
178 54 78
146 43 57
141 29 96
69 160 1
57 55 93
165 188 81
178 103 84
23 82 27
46 82 8
99 19 51
9 158 71
196 119 77
33 53 23
124 25 95
80 136 68
5 188 14
168 15 89
182 132 60
20 79 97
146 17 8
8 80 19
74 107 59
12 168 62
167 113 60
39 26 77
75 172 30
8 13 28
74 96 54
64 93 60
36 58 16
179 43 83
139 159 87
193 5 71
66 130 3
73 117 55
34 187 82
19 54 78
85 106 26
16 81 14
161 20 33
42 65 43
136 68 12
49 180 68
55 0 12
68 114 31
28 159 44
31 82 48
86 20 20
176 103 40
190 152 77
52 29 46
181 22 70
82 188 12
118 115 35
136 96 71
174 69 92
138 98 86
147 150 40
172 138 70
139 87 55
178 117 95
102 139 62
100 77 80
69 0 26
161 97 59
96 106 19
129 29 96
9 43 96
43 73 12
15 35 18
178 150 60
191 154 28
43 8 76
163 31 96
144 100 56
181 180 84
194 38 59
190 9 6
139 48 43
26 192 8
113 79 1
59 28 82
192 59 3
199 51 4
101 36 29
164 120 71
9 5 83
26 164 70
92 183 81
69 31 16
106 42 42
51 142 3
50 44 3
49 175 98
164 183 46
11 158 51
1 67 9
54 61 28
85 156 95
180 154 5
183 177 30
79 144 66
174 94 48
102 122 9
26 21 38
168 19 20
43 14 60
161 73 50
166 89 78
188 154 33
80 85 4
56 42 26
99 193 16
189 135 83
128 183 25
54 161 8
149 1 15
79 116 16
193 163 69
95 179 86
81 73 70
126 152 1
92 177 38
182 117 90
45 36 42
109 154 7
10 181 17
195 16 46
129 115 9
44 152 12
198 16 17
127 119 81
120 78 36
182 50 52
146 161 12
74 166 89
18 123 57
174 44 86
112 31 75
39 2 74
17 85 90
120 111 56
37 160 80
139 181 74
34 163 4
170 188 76
81 22 18
25 99 58
124 83 64
6 58 87
187 160 81
189 16 77
87 163 44
106 33 85
129 180 76
140 10 3
169 57 55
90 190 53
117 87 93
177 182 99
181 68 12
24 25 16
10 30 76
32 2 81
42 23 4
50 75 39
33 3 96
88 63 10
148 45 94
89 126 68
5 18 41
181 121 62
93 147 22
152 49 5
93 157 12
127 163 58
104 73 45
105 125 7
164 146 83
182 185 98
103 57 53
43 6 4
129 156 53
158 189 72
115 199 94
6 142 4
51 33 19
160 162 99
120 147 2
21 90 4
81 7 87
13 182 86
37 152 13
76 68 45
134 194 36
176 165 57
45 31 80
148 27 22
115 55 38
38 15 74
88 156 22
2 151 58
131 97 46
20 133 7
23 125 22
25 149 59
12 1 7
117 139 73
198 64 25
91 82 31
112 51 1
110 21 87
182 79 65
7 61 82
9 34 61
139 113 55
184 118 36
107 137 31
82 3 81
192 179 21
149 22 9
116 93 58
45 119 77
123 9 17
106 34 84
18 176 51
104 120 15
46 125 78
46 49 56
161 17 21
186 193 84
19 143 5
51 155 42
49 185 14
68 106 41
28 176 90
25 43 56
124 20 77
115 93 13
173 9 17
70 81 41
57 106 82
66 96 12
147 122 25
1 145 56
134 189 31
133 156 14
121 86 59
189 149 6
121 17 51
146 105 6
171 154 21
199 11 28
167 7 77
108 146 2
107 25 65
22 35 49
142 50 99
134 139 4
176 0 99
193 120 60
119 13 58
171 157 28
185 85 82
109 172 21
48 99 27
15 148 8
157 171 89
28 6 53
153 6 87
36 22 42
16 108 92
91 11 60
133 149 69
177 153 37
13 92 22
166 128 76
12 50 78
165 65 82
105 103 65
5 80 85
182 189 73
144 73 25
4 176 84
23 54 19
132 185 98
31 32 39
80 125 56
171 41 34
105 87 43
47 181 33
45 195 85
185 179 18
193 107 63
178 134 19
123 36 3
185 92 7
174 22 88
80 162 61
50 79 13
198 51 24
113 34 67
99 156 37
32 122 30
72 15 50
196 0 8
78 183 57
32 56 92
170 146 93
193 101 97
127 196 69
70 66 65
160 87 86
156 185 99
73 163 70
21 161 8
82 26 23
12 86 65
72 126 72
6 155 27
48 47 14
197 84 51
4 1 3
182 55 30
114 31 62
179 149 26
85 113 91
58 82 38
70 124 21
76 41 39
187 110 22
133 51 51
157 148 24
77 133 42
102 144 72
27 177 12
78 158 35
108 125 77
189 185 32
148 47 99
82 122 15
57 50 72
180 129 64
142 124 85
3 20 60
90 77 17
106 150 15
32 63 26
198 125 22
65 177 47
48 13 92
15 87 4
112 46 62
171 79 92
22 191 14
120 134 71
2 79 85
16 166 18
23 183 79
67 149 59
84 64 42
38 35 75
42 144 41
88 143 35
163 103 85
122 9 87
51 82 31
178 193 56
77 145 9
189 88 25
10 115 77
24 128 27
192 0 56
113 103 43
191 110 16
184 73 76
38 12 80
57 150 86
120 146 49
135 93 97
67 33 12
79 162 92
170 33 58
6 94 2
84 63 11
7 49 36
194 62 24
23 199 63
117 36 60
62 9 67
83 195 35
117 52 25
132 4 31
39 83 58
144 32 72
139 28 48
116 73 22
127 139 11
18 173 61
13 124 45
162 180 58
191 48 59
146 181 66
98 53 27
170 129 34
35 126 81
141 191 66
161 21 67
124 152 81
147 49 97
25 195 14
66 50 8
73 133 42
68 86 99
86 96 83
159 15 8
103 53 40
104 40 81
76 95 65
136 122 81
140 99 98
108 117 51
174 122 34
86 85 31
138 93 79
69 12 82
1 3 25
107 173 14
17 81 44
43 135 64
74 128 81
49 162 65
195 75 10
137 109 41
9 148 5
81 21 77
17 124 65
49 143 44
73 151 95
132 93 26
85 39 89
187 193 75
114 68 85
64 10 6
52 46 29
174 45 28
157 119 86
190 142 79
101 22 5
122 87 13
105 147 83
161 59 33
0 10 75
102 79 2
191 91 38
190 90 25
5 88 8
190 69 51
106 179 30
157 139 72
126 121 83
184 105 42
196 72 19
117 166 28
135 122 41
169 20 33
186 143 33
89 143 33
73 47 84
140 94 47
159 162 31
33 170 34
36 118 27
42 57 35
179 185 69
172 49 11
2 6 4
36 196 38
42 12 42
150 4 16
198 109 58
7 195 76
163 125 65
158 72 9
8 151 53
167 150 85
156 31 67
88 105 59
123 113 75
90 118 65
110 130 99
64 20 23
13 185 31
45 91 19
67 173 85
58 174 31
186 157 78
53 61 20
85 69 4
71 137 30
7 128 45
113 152 55
39 149 89
86 196 58
139 199 84
49 173 13
191 53 20
193 30 22
4 6 50
196 113 19
16 51 84
133 120 45
14 66 67
148 151 96
69 146 7
153 39 86
160 59 37
198 142 21
181 59 9
67 172 36
172 37 70
135 197 33
128 51 47
53 175 6
39 122 26
137 34 62
97 118 21
81 3 23
127 98 80
90 34 99
7 119 94
155 58 51
164 179 49
59 47 15
192 107 69
199 162 3
69 80 78
116 6 83
156 13 39
195 63 51
176 155 55
172 52 90
123 39 17
137 125 50
5 123 12
87 36 47
186 74 92
67 138 50
188 192 38
85 36 11
107 62 47
50 7 28
42 199 56
199 74 61
1 54 25
41 43 93
188 101 83
2 159 23
195 4 9
3 73 40
76 121 46
19 83 80
20 74 39
97 38 49
73 101 47
77 151 38
7 92 23
153 147 19
17 181 30
27 69 15
146 19 49
68 166 38
109 115 38
20 112 16
144 81 91
95 55 72
45 14 13
99 145 86
58 13 84
173 4 21
115 59 66
93 123 26
114 6 52
151 173 51
174 154 33
133 174 49
14 32 57
41 56 23
57 86 66
39 13 79
8 38 5
136 26 87
152 135 3
138 140 79
18 117 33
179 97 13
115 13 8
67 66 60
78 153 27
130 142 37
188 27 49
81 77 5
147 104 53
152 32 14
19 85 72
194 124 85
92 184 61
113 75 51
80 145 30
196 138 63
64 88 94
70 106 21
167 64 70
105 137 34
0 80 69
0 12 67
29 1 7
113 73 95
170 192 40
93 187 30
69 188 51
32 8 43
199 33 10
118 100 39
80 157 11
98 48 49
58 177 69
168 76 62
45 23 16
76 176 2
8 43 73
58 12 13
96 13 15
98 125 31
55 145 40
77 147 66
85 195 7
194 180 46
34 155 20
97 33 30
29 177 90
10 2 54
55 49 38
43 184 84
162 183 64
29 194 54
155 46 23
92 123 60
115 133 22
111 61 52
62 173 45
193 21 97
63 49 59
44 89 90
8 59 34
67 159 59
173 154 69
57 119 92
40 175 85
74 45 92
173 119 87
80 75 33
176 178 75
139 18 4
143 79 61
118 175 83
131 107 3
132 79 7
74 60 77
36 85 11
185 39 74
26 130 86
179 144 59
17 131 12
13 127 60
78 164 47
18 167 22
40 96 63
112 142 18
93 56 32
112 100 63
157 93 94
114 159 29
51 160 81
14 61 28
141 152 98
110 145 26
41 149 66
151 46 53
57 176 46
21 74 83
29 45 68
63 61 75
198 181 15
102 199 37
176 7 15
74 164 31
186 172 92
170 113 73
197 72 77
154 167 97
113 86 54
168 190 43
86 5 6
72 96 88
82 54 56
162 190 68
7 15 94
5 187 2
187 126 30
39 84 97
154 95 31
77 78 65
188 162 95
141 64 92
126 59 7
33 68 25
83 4 67
112 160 4
68 21 50
44 11 44
34 90 94
156 107 52
136 30 20
30 109 89
158 65 12
40 197 17
73 92 77
118 136 27
134 90 65
95 199 81
173 166 53
132 14 26
158 119 41
70 132 60
14 176 63
112 127 65
183 195 6
104 53 68
25 142 52
184 112 30
180 108 81
82 84 67
31 51 88
156 132 16
176 116 45
45 112 91
156 15 13
13 65 52
14 125 76
99 36 2
48 137 62
28 66 82
153 161 98
29 154 67
1 181 97
70 115 57
108 157 98
39 174 53
105 42 32
66 195 86
176 196 79
100 19 59
173 190 83
95 117 90
187 16 71
77 31 10
51 131 72
89 77 58
167 31 68
43 193 8
37 180 44
18 45 84
45 59 83
29 47 8
87 39 65
106 97 35
199 107 12
122 172 60
195 161 73
64 102 93
115 153 20
44 99 28
50 0 67
196 74 25
88 177 86
41 11 64
121 95 5
177 63 52
87 182 97
22 58 14
18 190 97
82 169 89
73 106 29
90 192 87
49 199 63
60 87 48
9 27 30
167 168 84
117 152 47
12 124 80
8 36 9
8 128 16
24 120 97
125 37 53
66 186 58
157 145 91
155 48 24
80 128 53
29 130 44
27 137 66
30 62 14
38 61 14
194 34 93
35 167 8
176 124 61
8 138 16
10 21 26
102 77 47
197 195 60
67 191 8
101 45 35
52 190 88
39 93 58
39 139 7
14 26 54
67 12 61
7 121 93
172 61 67
30 132 36
4 21 60
47 110 37
74 69 26
194 182 8
131 139 11
159 72 23
92 131 78
16 193 57
18 169 69
178 72 4
63 12 99
171 35 26
4 54 76
83 181 80
69 108 54
158 113 71
133 75 24
52 30 40
91 100 7
146 13 59
79 197 72
78 25 72
125 173 24
67 52 74
68 45 13
173 183 21
138 18 17
34 181 36
78 181 34
129 192 54
66 90 4
17 197 23
173 51 36
9 98 84
96 49 67
20 126 55
74 12 81
12 148 43
66 181 77
84 72 9
32 138 87
86 0 70
74 10 9
149 100 84
170 92 90
126 188 3
38 185 13
170 70 9
116 11 4
149 29 46
66 137 33
3 90 66
75 148 55
182 128 79
30 121 36
5 126 14
52 40 25
132 21 76
0 98 84
96 131 86
85 91 53
4 92 56
105 170 95
144 163 47
61 57 94
95 103 47
33 56 17
23 187 32
197 133 10
106 118 86
36 184 34
56 64 78
191 132 58
112 55 64
68 90 81
96 164 72
33 16 67
95 90 61
152 15 91
120 170 15
187 42 29
2 161 2
25 16 50
61 44 49
143 158 95
190 71 29
17 186 75
186 32 4
79 119 56
101 54 76
25 162 78
70 26 8
184 56 15
35 86 77
27 100 5
115 67 8
150 69 99
18 137 57
129 122 96
180 117 93
135 118 72
115 136 97
151 65 84
31 177 29
67 16 93
102 160 73
43 15 39
100 120 71
170 121 52
44 179 10
76 13 23
167 29 87
69 133 34
55 163 23
63 116 1
19 27 89
174 105 20
60 170 54
168 4 42
175 191 35
126 96 67
10 43 9
195 50 12
60 72 41
21 112 51
41 130 69
74 68 62
122 160 77
9 136 68
197 184 26
73 89 5
143 121 83
121 14 82
21 104 15
140 14 71
35 4 42
165 92 4
37 31 26
124 94 5
136 14 68
129 33 51
87 178 3
39 111 5
5 15 90
73 39 34
96 159 35
47 123 24
26 148 16
39 151 98
115 107 7
161 36 23
27 33 44
85 76 26
34 175 33
55 65 76
157 79 65
155 42 70
132 188 96
140 45 24
152 186 53
78 121 13
166 174 47
113 121 64
126 6 9
78 177 46
195 113 90
137 149 24
79 97 37
25 67 54
119 97 67
196 20 16
77 152 58
17 52 85
160 58 34
199 155 96
22 89 40
142 1 79
171 179 32
58 164 61
88 188 43
7 130 90
8 97 94
138 118 93
30 74 62
70 112 13
142 193 98
6 24 80
48 181 42
131 172 51
136 131 28
13 102 70
115 4 64
180 87 1
63 91 49
144 197 19
193 153 97
6 168 36
126 172 96
149 105 88
31 83 87
169 95 30
76 174 3
14 172 34
157 99 3
115 64 79
193 88 31
165 53 65
162 48 91
123 142 89
37 89 4
101 67 69
101 35 45
96 18 36
71 106 14
44 77 56
51 116 81
113 193 52
57 35 28
129 65 80
151 31 15
143 107 9
170 59 21
145 162 51
143 177 24
37 44 46
31 159 7
50 157 27
160 3 57
160 152 84
22 195 99
38 111 28
72 185 74
26 168 99
56 164 93
121 198 95
92 19 54
73 11 90
41 87 92
173 26 62
6 122 56
109 44 5
142 75 37
2 39 43
197 79 58
56 10 76
177 55 74
157 38 36
54 173 13
181 152 34
38 189 24
134 13 69
154 75 95
114 72 5
61 107 69
52 94 38
63 85 53
17 115 42
137 100 52
91 185 81
92 119 36
141 159 67
191 38 20
4 111 30
176 153 70
19 103 91
153 30 30
93 150 28
33 184 48
1 198 84
114 178 11
111 63 51
118 146 47
140 187 9
98 167 77
4 42 86
165 46 60
165 56 41
176 44 1
127 47 40
5 159 64
109 143 58
160 170 33
177 98 42
166 114 51
160 49 17
41 99 10
82 104 33
53 126 97
50 48 40
43 109 24
190 125 26
29 70 11
191 137 22
95 96 66
101 79 52
169 108 49
17 66 5
117 75 69
40 104 30
29 77 12
152 193 90
174 145 41
30 27 38
70 158 99
178 194 76
38 39 63
166 84 44
28 125 77
122 165 90
132 154 4
118 140 26
100 98 14
103 125 45
29 86 88
142 108 20
18 85 61
137 135 13
93 194 87
168 21 30
68 158 84
111 172 93
72 84 19
117 153 73
123 13 80
115 7 69
143 155 88
166 116 51
53 21 91
171 4 27
147 32 63
53 83 48
38 20 63
75 63 46
43 194 57
7 154 30
177 151 7
91 148 2
198 178 37
23 111 93
183 50 32
25 118 75
38 165 55
88 100 38
35 20 82
62 78 63
110 157 7
82 69 38
136 57 39
97 17 67
147 34 34
65 43 49
46 131 38
57 67 8
6 125 1
145 112 99
41 61 78
119 192 22
117 109 74
16 102 66
111 0 57
193 119 70
7 196 54
77 96 49
40 11 81
50 168 16
161 19 23
175 131 13
71 16 62
18 56 94
53 179 76
86 84 91
161 125 21
47 169 1
84 116 30
15 170 46
149 158 39
12 145 45
191 78 99
177 95 70
133 135 11
179 56 67
84 60 27
33 193 25
50 177 63
20 128 58
50 145 17
146 136 44
20 70 20
14 180 95
94 67 85
69 23 45
126 43 64
191 194 33
25 85 76
117 107 64
197 191 29
73 61 38
115 57 21
124 50 39
17 36 94
72 174 24
187 161 53
177 43 76
58 36 98
127 179 69
149 88 64
171 196 61
185 38 56
36 61 12
12 40 59
150 111 31
162 33 76
159 139 29
69 134 24
106 181 75
104 154 50
22 5 90
11 24 25
138 185 6
178 2 23
145 166 30
141 148 73
68 42 41
128 4 16
58 152 24
134 141 60
87 66 79
42 176 72
126 83 70
104 139 32
33 126 19
126 104 11
21 98 45
66 117 96
91 165 74
5 114 92
169 149 46
79 46 80
194 25 64
115 91 7
155 179 38
160 35 6
180 151 43
142 56 74
183 129 63
182 42 83
199 60 68
25 69 10
81 0 8
32 188 12
185 65 46
21 11 62
151 3 45
81 29 76
196 195 19
159 27 67
115 58 6
105 194 1
27 184 26
154 77 25
112 155 16
151 76 91
149 97 65
74 48 96
177 57 58
111 145 33
42 61 15
139 59 82
147 20 40
20 0 79
195 93 36
178 185 31
71 12 6
89 190 35
34 117 67
185 70 89
24 75 37
143 132 7
138 177 38
161 74 63
146 122 93
161 11 48
98 159 82
64 194 64
6 186 95
190 199 40
84 195 55
37 136 23
69 75 21
91 36 25
62 149 15
30 156 23
122 79 25
86 101 45
88 181 45
52 85 67
34 110 98
163 41 93
134 196 85
37 93 88
89 147 27
149 112 73
13 100 27
173 156 5
33 75 5
17 5 99
166 18 64
121 110 85
124 32 62
191 18 44
146 127 46
64 199 91
132 176 31
144 64 57
27 64 57
83 106 28
76 152 1
8 117 18
45 145 25
25 157 82
191 161 8
112 58 13
74 186 89
189 24 59
36 63 39
152 108 59
88 37 29
35 164 30
47 36 9
20 109 65
151 93 45
64 137 86
0 164 32
104 45 77
174 60 12
54 188 97
10 16 59
81 127 83
19 120 43
142 3 60
136 46 63
163 14 52
2 42 97
18 89 54
4 11 66
104 132 94
191 138 29
84 122 76
196 85 47
23 130 62
155 99 39
116 192 73
146 78 99
83 60 43
171 40 34
65 3 70
192 191 51
69 2 22
99 32 88
42 140 8
108 170 7
43 61 96
139 26 94
173 43 76
43 29 85
15 187 74
39 148 22
178 28 98
22 110 20
33 139 20
87 54 72
178 112 14
65 120 77
194 183 40
67 145 49
132 85 97
74 99 85
144 43 86
192 138 28
136 160 67
24 198 67
69 110 63
144 133 63
171 86 37
7 114 64
19 187 6
141 5 72
57 197 18
101 56 91
5 178 7
21 196 15
15 91 77
92 31 80
103 114 32
100 76 94
176 18 57
67 49 22
2 44 99
41 93 75
34 66 21
48 78 55
69 20 82
32 28 57
92 151 55
171 172 11
4 74 23
34 179 12
125 185 61
141 105 46
141 30 88
78 79 77
18 156 55
145 78 79
141 65 26
107 143 4
143 83 5
97 108 27
108 197 27
139 4 79
35 132 90
123 197 18
3 130 99
192 177 25
70 196 68
19 169 16
25 87 62
100 173 40
168 103 3
8 181 41
37 130 7
13 58 8
167 48 75
87 123 17
87 53 84
37 78 28
10 17 56
75 173 35
83 63 16
15 92 29
171 168 21
9 150 20
147 135 40
182 160 65
4 95 46
138 89 78
138 154 61
20 104 65
48 26 67
188 8 58
18 178 16
24 33 13
169 138 25
128 25 40
78 48 51
99 72 97
3 110 55
41 94 95
107 140 12
163 173 77
146 120 34
166 12 34
63 58 7
178 16 49
144 175 15
131 112 52
174 62 46
74 95 68
56 137 32
1 127 31
130 84 99
75 36 77
89 37 95
128 17 39
31 124 23
183 86 19
183 169 10
159 20 85
87 197 67
173 164 56
185 144 38
133 93 47
133 57 15
62 125 15
142 187 72
18 165 78
19 10 71
52 91 28
121 68 46
167 152 4
190 146 52
126 45 47
95 43 31
167 24 42
129 114 23
10 96 22
184 121 14
20 25 59
48 97 58
51 127 73
71 169 52
37 12 95
65 17 22
32 50 19
163 153 2
161 126 82
49 118 10
10 130 95
190 97 32
159 58 77
91 126 61
132 117 79
65 122 5
174 13 77
179 198 40
73 93 35
136 74 81
169 148 35
181 3 3
108 190 41
53 95 42
48 98 46
0 133 89
86 174 31
119 99 76
42 93 64
132 66 67
160 23 51
12 146 71
47 75 61
12 39 83
70 90 5
160 198 29
197 41 44
97 141 24
99 66 98
58 71 82
16 30 79
33 178 37
135 16 66
87 70 59
74 148 25
52 61 76
68 97 37
17 28 61
36 101 59
24 144 47
93 184 42
156 177 63
60 111 7
193 8 1
181 26 96
179 130 87
1 172 58
57 184 38
117 50 6
48 90 85
100 177 43
126 128 30
28 60 54
122 80 21
45 22 99
39 167 68
165 95 99
51 130 46
149 138 51
17 38 54
19 17 59
10 133 28
10 159 35
49 159 59
28 139 33
4 15 77
156 150 54
2 26 7
144 131 41
75 35 38
126 137 55
37 104 90
9 134 64
123 57 63
185 112 16
178 188 83
75 58 76
17 91 70
85 75 4
31 68 79
37 114 52
101 149 5
83 149 81
117 17 26
93 174 37
16 139 82
87 4 29
153 152 61
133 16 89
94 116 8
84 162 69
79 109 11
56 99 2
119 56 58
55 71 28
74 37 73
174 31 26
97 34 88
99 73 13
105 96 68
165 157 57
188 198 3
188 138 14
170 74 48
179 1 81
47 44 82
95 11 76
111 97 71
96 168 11
26 119 93
192 9 85
177 2 25
197 106 80
16 186 98
134 149 34
51 193 23
148 112 61
178 191 53
144 145 25
69 131 77
137 185 77
51 94 11
195 167 81
104 8 17
132 78 54
108 104 25
8 40 91
2 82 61
68 54 45
103 28 93
71 98 55
198 155 9
135 104 57
165 180 54
125 174 16
166 6 28
108 180 33
60 44 12
74 92 71
52 87 45
190 129 92
63 134 84
146 82 27
149 188 43
127 175 87
30 103 59
44 170 38
107 61 87
194 70 24
197 92 17
112 175 71
1 199 49
66 179 96
133 26 25
122 71 89
145 195 48
87 158 22
197 97 60
171 143 75
99 41 49
160 181 73
57 111 69
85 84 82
113 183 10
127 147 96
61 8 16
58 126 9
15 49 87
145 70 66
185 177 48
143 91 30
65 142 6
42 26 19
177 133 49
3 142 20
91 167 52
91 141 7
69 44 10
58 131 1
15 153 49
150 182 10
28 113 31
161 52 11
43 170 23
54 48 66
159 64 1
72 106 60
1 180 25
88 128 70
111 87 75
90 183 83
125 151 85
73 164 58
21 53 73
50 178 97
98 133 28
2 101 50
143 16 27
175 172 19
44 45 83
32 173 14
34 121 6
107 153 72
151 134 31
17 111 54
142 158 8
77 49 63
101 158 28
102 185 83
95 59 62
69 1 40
163 67 67
66 59 68
22 146 76
69 162 27
104 147 50
78 90 4
110 95 85
149 159 73
138 20 7
141 74 20
63 102 23
34 142 96
141 173 89
61 67 26
152 80 78
105 152 17
110 187 1
20 92 62
78 170 5
85 58 99
41 79 4
55 134 39
9 8 70
63 20 50
70 76 35
134 123 69
13 69 93
83 50 78
196 102 48
135 175 51
93 176 16
63 110 32
150 163 60
14 107 77
72 157 3
60 93 94
47 141 14
126 35 60
194 96 32
6 19 70
43 107 52
88 11 69
1 47 37
34 178 81
68 118 15
111 156 83
18 161 54
173 34 94
92 2 33
130 4 63
101 60 4
169 51 52
31 96 31
175 94 56
37 57 81
121 57 10
197 107 17
50 135 70
111 38 79
129 53 76
125 79 50
198 24 13
162 159 67
58 157 6
44 28 7
142 106 82
90 120 47
136 114 64
168 182 42
70 15 82
172 160 40
5 33 31
110 172 43
139 151 40
26 123 73
168 63 92
164 162 60
104 4 53
24 124 66
115 193 79
27 163 34
39 62 35
10 127 52
57 196 44
165 9 94
155 94 71
127 28 42
31 170 31
185 77 11
59 1 22
159 132 95
113 63 22
31 175 27
108 84 64
34 63 52
134 175 78
57 116 59
48 52 31
186 58 30
50 71 67
155 85 98
113 32 71
136 153 84
29 27 37
115 121 74
135 148 64
22 142 22
94 23 78
5 54 90
92 95 74
52 170 50
55 105 72
80 63 65
141 38 60
32 47 49
48 159 85
46 5 64
113 156 20
78 30 5
131 158 19
2 189 47
19 76 17
197 100 43
171 66 32
157 20 17
25 31 74
131 153 93
46 61 89
143 139 83
190 37 31
161 116 42
48 37 39
192 140 3
91 55 36
149 120 93
182 77 47
41 158 90
98 110 83
82 157 21
22 4 78
165 4 42
116 77 96
162 53 61
198 145 93
130 18 3
122 137 51
45 129 13
169 155 36
150 12 14
190 168 45
22 126 30
119 1 92
95 131 61
153 40 16
16 26 64
123 26 49
15 103 15
169 186 51
156 66 88
23 48 67
47 112 77
32 152 79
134 79 25
76 145 24
124 95 79
110 192 86
11 153 68
83 141 12
8 55 20
59 100 64
93 41 52
3 147 62
193 84 69
94 8 10
51 4 90
170 45 44
86 102 10
78 46 78
172 80 93
180 40 33
189 57 83
24 175 27
38 74 55
113 45 39
73 42 20
64 185 77
145 176 51
150 106 48
86 53 38
188 38 53
114 158 60
73 159 81
27 14 72
181 94 41
76 179 35
180 153 6
83 157 25
165 69 75
4 161 10
39 57 36
146 186 22
44 184 50
146 172 68
50 125 76
36 9 52
141 129 41
104 39 71
11 70 81
33 194 56
186 151 36
5 74 38
167 17 70
117 196 51
121 19 10
49 172 41
4 189 59
53 161 11
3 195 49
129 198 53
180 35 89
79 100 16
54 27 56
44 174 83
16 117 27
174 12 90
127 102 8
109 41 74
8 156 40
86 72 75
129 86 74
33 55 57
197 185 59
89 28 99
169 100 21
50 184 49
157 32 4
32 10 27
192 112 93
24 137 99
106 137 93
69 41 64
81 161 76
48 57 17
146 130 59
174 150 50
66 141 16
188 142 87
183 170 39
78 49 1
156 7 11
1 114 87
126 69 97
192 147 8
18 31 22
53 48 90
194 33 61
131 1 62
120 144 82
51 65 60
159 92 31
131 132 56
136 9 42
139 71 8
197 62 60
105 53 98
174 85 67
162 195 56
51 69 95
57 114 77
97 14 76
160 24 13
105 74 2
11 113 20
138 183 72
44 154 35
1 192 55
44 139 26
196 57 20
50 76 91
0 135 69
15 134 11
101 110 79
192 37 50
195 126 26
114 8 20
121 145 99
131 104 32
27 24 52
11 14 59
51 22 40
147 23 21
60 32 78
118 16 81
28 19 48
18 186 65
127 76 11
135 147 21
65 132 38
78 163 20
86 148 76
25 98 32
133 150 88
93 170 77
46 100 51
132 33 41
148 140 97
13 192 71
137 30 46
33 22 46
95 156 57
181 116 24
88 66 15
80 55 33
104 179 56
67 178 78
11 194 98
84 56 56
7 115 33
90 76 72
87 35 43
179 109 32
31 0 23
175 108 19
56 22 77
148 193 12
199 52 72
196 22 80
22 150 47
32 136 29
107 185 75
114 175 24
133 138 67
61 172 24
2 73 4
99 124 60
12 30 18
118 109 93
69 42 99
20 90 59
137 166 60
148 158 54
196 38 12
18 60 32
20 138 58
166 46 8
92 8 21
145 22 99
78 22 11
135 41 41
50 172 27
111 70 30
180 79 49
159 100 11
164 24 1
13 113 57
111 106 41
169 62 78
113 162 21
174 59 18
47 143 95
150 83 35
55 158 95
188 196 76
177 100 48
168 105 97
35 194 85
175 93 93
143 195 21
98 138 25
135 132 14
122 193 44
127 132 27
70 183 30
158 28 62
140 75 23
73 191 58
196 50 78
143 122 39
190 34 69
182 48 60
0 62 21
189 172 52
142 134 60
16 173 97
105 71 43
115 40 66
61 39 72
12 195 68
23 8 64
181 156 14
32 106 82
125 121 45
11 6 45
55 190 57
2 136 24
6 84 64
32 27 86
61 51 37
3 160 49
159 76 95
31 26 3
51 107 30
101 34 61
109 74 31
17 139 77
174 101 71
32 186 79
155 31 72
9 20 95
177 35 63
109 37 74
169 137 44
114 13 99
127 190 53
124 122 64
37 24 1
116 84 39
0 188 78
84 40 18
124 148 38
147 190 74
62 120 59
124 36 16
162 174 73
97 83 99
47 56 8
172 117 92
27 59 50
157 50 3
27 126 77
156 126 82
56 141 96
6 135 26
111 48 18
23 27 23
20 86 7
127 142 52
84 44 14
53 139 32
20 145 66
81 142 23
90 50 43
13 193 36
184 46 38
141 11 70
114 108 64
35 131 36
190 47 29
32 60 72
16 155 57
38 64 40
156 186 20
100 110 97
147 30 83
143 89 65
176 2 96
125 47 56
42 91 55
39 4 85
102 135 38
161 121 45
160 13 84
64 47 10
120 168 72
75 190 80
149 8 9
169 32 56
195 97 41
54 180 59
166 196 86
154 26 45
170 116 75
184 17 14
161 166 75
12 24 20
76 196 64
60 77 61
105 199 23
20 198 82
126 149 83
130 24 25
130 181 11
152 133 74
192 187 86
75 24 5
56 91 50
188 160 94
139 16 61
125 178 7
135 51 1
117 192 8
191 188 25
154 181 81
30 25 71
172 58 27
84 198 40
61 30 81
105 192 15
168 107 85
125 92 22
43 115 52
29 10 94
54 160 15
138 142 21
195 198 90
144 138 36
124 75 64
47 140 10
104 52 41
82 46 92
72 115 99
179 30 41
181 49 83
128 119 8
75 102 98
164 199 71
19 138 85
169 159 76
10 169 96
11 132 5
28 183 36
67 42 36
153 142 90
26 196 64
175 154 56
15 7 84
8 19 83
156 18 87
4 67 58
56 13 33
177 109 93
114 92 99
147 194 7
160 29 41
1 102 72
143 196 30
149 137 12
106 115 69
63 160 11
142 28 99
180 82 88
80 83 96
161 164 3
164 149 15
170 172 6
79 6 33
12 183 75
140 186 10
27 20 19
109 140 57
92 35 64
51 197 53
102 33 54
145 47 30
85 17 20
77 35 78
142 125 34
100 53 63
117 147 54
111 65 7
127 9 81
52 27 73
71 25 73
56 112 56
49 46 35
67 154 86
1 69 95
96 140 94
161 84 64
31 57 50
43 4 79
122 27 80
57 165 75
162 177 7
21 57 69
4 57 70
107 192 34
11 68 79
168 101 53
50 25 65
174 185 79
174 164 96
77 164 1
192 111 12
101 43 44
54 7 65
146 103 75
148 73 87
41 166 40
62 94 4
104 37 33
50 68 58
153 34 1
185 109 5
101 106 13
25 62 24
9 24 73
31 17 41
55 47 52
144 24 66
96 3 9
188 189 51
129 160 6
20 21 10
72 42 94
21 35 88
164 56 7
131 127 94
55 123 43
177 192 74
50 88 59
150 189 79
73 18 9
99 82 7
124 17 10
36 60 85
181 46 14
77 87 93
2 170 3
89 78 8
198 130 80
8 139 21
62 65 1
166 63 3
94 135 65
139 36 9
78 105 85
31 45 92
156 11 72
57 88 17
137 179 41
9 164 51
31 149 76
187 162 99
198 113 79
71 35 24
61 184 7
84 113 92
64 192 97
141 167 13
0 153 59
75 79 40
96 10 47
198 129 85
89 68 41
4 52 94
185 128 3
193 6 32
55 9 84
164 30 64
133 50 62
36 163 41
72 75 53
88 99 44
83 89 48
195 130 96
44 5 68
3 190 89
93 101 50
2 68 63
80 6 94
195 123 59
172 47 88
191 133 17
177 92 17
103 164 77
31 129 52
170 152 92
177 150 72
148 90 11
68 193 6
131 96 75
101 20 76
60 75 25
57 190 90
93 136 49
3 161 25
22 124 28
20 175 5
185 56 41
167 170 12
184 159 15
160 54 80
74 32 69
37 106 81
175 189 63
35 43 15
94 133 34
109 64 6
159 39 43
138 35 43
105 37 58
116 86 67
94 71 77
83 76 45
27 77 54
10 108 80
24 190 50
128 115 34
140 131 18
92 14 42
74 90 15
18 4 60
195 173 89
54 96 71
4 53 71
36 176 38
97 196 40
121 146 63
70 11 9
159 94 95
95 195 74
44 81 5
198 47 29
10 107 64
39 8 15
104 110 74
81 86 21
160 136 35
193 46 44
8 183 12
195 124 69
79 195 59
74 103 3
36 15 1
41 183 68
147 157 92
70 61 54
199 113 91
40 112 44
146 180 57
59 73 48
110 158 12
95 78 81
179 104 65
62 110 23
38 48 97
186 177 99
32 198 30
164 66 40
199 48 86
48 76 74
66 182 56
45 97 20
99 7 5
93 146 34
136 171 40
57 10 72
81 95 45
33 9 94
135 185 2
20 143 93
26 197 34
3 100 36
142 44 71
1 59 59
170 44 45
68 179 28
148 199 2
178 186 95
190 118 88
195 21 97
173 163 32
92 99 64
188 149 37
48 79 27
114 57 49
190 4 88
120 91 39
130 184 92
147 21 69
41 50 10
97 71 53
124 29 21
159 95 94
67 98 86
166 153 10
198 78 52
118 28 79
114 174 16
137 161 10
170 187 77
100 191 73
150 34 40
130 103 62
152 44 20
94 91 18
90 171 92
194 97 35
180 177 85
8 44 96
173 97 12
61 66 5
119 186 84
162 151 17
151 159 91
131 143 22
18 24 80
196 139 79
23 116 71
191 68 34
22 119 63
145 27 33
158 188 41
82 97 76
44 10 38
142 59 36
155 51 83
196 59 41
22 69 89
26 35 16
32 143 83
160 60 58
105 70 86
111 35 78
74 153 71
184 83 88
186 181 84
165 88 1
111 160 97
173 82 13
6 133 69
5 82 43
106 109 79
117 32 52
89 112 75
67 177 6
93 161 38
65 194 44
130 94 37
104 174 93
16 134 52
130 71 16
159 177 66
80 187 52
16 35 61
162 158 54
68 111 23
52 158 15
94 46 64
135 179 39
199 20 53
41 21 51
9 75 57
145 34 37
175 185 40
169 163 74
184 116 62
50 127 37
137 17 71
57 166 17
107 49 59
191 76 9
129 42 2
165 73 44
146 165 40
162 144 97
76 16 95
8 48 5
89 100 61
105 14 64
116 108 4
176 47 16
117 74 31
33 148 14
12 75 64
98 81 16
186 192 17
146 12 7
160 147 5
122 29 7
80 182 82
197 169 97
169 68 3
47 170 50
151 129 36
126 185 22
154 4 51
98 59 72
73 13 2
31 157 88
65 31 31
3 101 76
157 111 67
186 168 38
23 142 95
130 109 64
191 106 82
172 36 51
185 171 79
105 97 7
88 184 91
167 108 28
69 142 6
14 45 22
195 12 51
125 116 16
63 119 80
46 84 39
197 194 83
144 87 11
49 90 76
143 176 2
140 34 87
81 171 70
195 112 63
190 145 9
58 25 86
140 181 8
58 191 85
56 136 45
171 27 21
66 100 5
38 172 88
117 158 46
176 157 38
109 117 91
84 48 67
10 140 55
111 47 96
131 87 27
48 20 49
13 131 37
168 176 57
197 38 2
132 18 90
115 14 52
105 114 10
93 31 14
169 144 79
178 120 94
146 16 25
97 179 7
10 54 37
90 116 66
148 170 40
120 17 62
110 23 5
157 194 42
193 198 70
177 193 55
54 65 82
120 26 23
12 22 67
53 25 25
174 125 87
53 39 82
154 124 53
161 91 57
141 125 48
8 129 19
96 133 14
48 9 93
123 58 57
126 199 93
46 119 64
166 129 37
138 12 62
180 9 66
43 143 94
170 142 5
56 74 58
183 151 19
75 41 29
195 2 65
46 196 31
157 30 10
9 151 79
145 177 84
125 23 91
155 59 24
192 65 4
169 96 61
18 143 42
10 4 52
152 194 56
34 94 50
71 19 56
99 115 20
122 64 12
133 164 65
47 130 95
79 148 82
94 172 11
31 74 59
126 131 80
164 48 41
193 95 16
178 62 91
104 61 50
197 154 43
7 153 75
88 13 24
120 136 49
14 18 47
115 86 12
9 65 67
144 139 82
83 58 21
164 58 45
118 130 21
81 124 6
133 130 57
53 62 23
67 163 84
115 170 27
127 122 23
69 66 91
96 97 64
145 66 60
88 179 40
72 18 9
96 136 97
59 130 24
18 162 71
38 53 47
33 154 30
39 19 33
23 10 88
156 14 21
5 23 48
82 102 61
107 6 53
154 155 92
123 175 91
120 14 56
118 139 15
125 68 62
47 25 73
104 69 86
115 167 23
3 191 98
19 46 22
50 46 87
117 73 85
46 170 19
12 98 83
106 125 8
79 85 27
93 36 46
28 72 59
158 85 64
167 84 33
138 198 74
35 94 78
26 11 40
189 196 8
57 148 64
145 10 50
37 53 65
83 10 23
180 138 70
24 153 94
113 92 41
181 90 79
32 168 16
192 52 95
176 80 16
190 92 41
121 133 45
171 62 29
21 65 34
27 21 35
32 18 79
139 103 79
164 14 57
109 32 30
52 167 95
126 60 93
167 62 42
57 11 19
117 142 53
195 41 87
11 69 41
116 153 37
123 42 57
155 64 69
140 106 51
125 149 44
53 177 57
35 135 82
170 163 12
26 118 18
161 178 16
16 124 84
177 141 34
37 169 67
94 90 72
60 143 51
52 134 63
117 144 70
104 30 55
156 133 45
51 14 14
178 48 28
102 82 11
196 16 82
159 28 70
169 160 61
120 65 33
33 191 59
159 124 16
98 43 22
32 77 84
37 124 30
36 140 46
73 52 61
105 78 56
86 149 36
63 64 22
151 145 78
120 63 11
152 87 26
174 190 14
31 20 64
146 76 24
5 193 52
147 145 67
15 6 23
41 24 49
133 59 39
183 84 17
141 93 41
153 116 10
88 132 85
25 107 21
74 29 93
27 87 28
158 33 43
13 72 8
173 153 57
142 139 31
99 188 13
112 44 75
68 185 41
24 94 10
184 15 13
56 195 38
15 114 3
60 188 78
23 128 47
184 129 78
198 7 34
187 8 46
2 188 15
177 106 72
100 10 7
140 141 63
179 52 11
93 84 92
191 72 75
171 84 5
23 5 17
170 47 50
58 73 17
66 77 56
196 156 30
178 159 33
40 162 13
140 12 69
116 102 45
196 33 2
72 144 11
136 145 40
34 99 3
37 138 41
74 193 22
107 127 11
170 115 87
116 78 52
108 121 67
145 83 3
171 123 86
184 172 39
113 8 60
192 189 84
72 149 99
110 59 36
136 129 50
94 100 96
109 8 69
193 77 77
122 192 54
161 77 85
87 141 65
167 87 82
59 26 95
198 192 55
38 155 69
150 173 26
104 62 63
101 122 90
110 161 49
157 6 77
146 188 88
59 158 93
66 11 64
84 38 23
12 171 57
63 149 26
110 99 58
131 189 4
41 54 11
99 101 70
115 44 74
67 142 28
102 116 42
17 137 10
135 87 95
4 136 49
85 145 21
153 78 28
174 6 8
189 77 20
106 112 14
73 132 58
78 83 95
32 82 52
59 90 6
108 56 38
165 186 33
61 134 62
179 20 87
151 158 10
92 174 6
187 99 98
172 65 67
17 49 95
54 45 11
125 91 64
63 59 39
3 2 78
0 121 61
111 44 14
115 22 3
98 97 25
65 145 3
31 54 5
188 100 91
106 44 96
177 142 5
172 70 76
17 10 38
181 124 14
47 145 91
40 198 17
1 129 4
185 146 90
118 160 25
39 94 9
15 30 62
26 125 17
3 169 61
190 176 21
34 36 6
179 136 98
24 186 97
102 3 42
113 154 81
135 192 36
8 191 75
7 101 42
136 79 17
89 87 71
17 118 48
102 61 34
127 109 16
143 145 50
29 19 21
0 190 36
169 28 23
123 100 58
99 158 78
58 80 64
140 110 18
170 77 20
18 86 5
182 100 55
8 73 59
55 35 40
123 164 81
17 20 16
140 41 43
94 143 9
183 78 97
60 178 89
74 5 58
180 37 80
197 21 52
128 27 61
80 137 53
198 165 84
192 17 74
109 81 46
146 81 95
116 49 70
137 51 63
184 100 56
42 97 35
143 70 96
158 51 19
48 23 97
163 7 79
102 109 2
120 47 49
189 19 41
74 168 19
23 26 68
126 70 3
147 55 47
111 120 11
53 144 59
98 164 39
105 187 18
198 185 38
77 41 81
115 43 55
75 4 4
110 116 12
38 159 33
52 161 47
168 62 3
88 150 50
139 68 71
98 6 14
137 154 44
181 136 10
144 101 22
107 121 92
95 53 60
91 24 43
12 184 75
63 79 47
144 178 65
63 157 11
134 10 76
125 35 56
17 95 10
14 72 88
65 188 94
4 100 12
152 197 19
20 67 21
83 131 86
184 142 74
131 52 14
157 161 37
138 191 40
24 79 73
99 108 39
133 134 61
44 69 61
32 43 79
97 85 2
154 142 24
20 122 65
90 158 48
76 132 27
106 145 44
55 59 47
41 161 77
51 24 36
18 132 86
148 178 36
90 75 38
127 94 43
29 195 86
44 21 99
62 126 62
140 18 72
168 133 42
171 56 56
58 51 63
158 2 74
2 21 35
9 82 65
83 42 8
188 90 13
193 130 77
80 163 28
54 111 22
64 169 24
59 7 40
182 95 61
10 189 1
38 101 11
137 68 51
17 99 70
160 146 45
43 46 87
193 57 61
67 47 26
7 166 24
134 95 1
49 50 60
79 180 18
152 175 64
124 173 57
41 16 95
19 57 25
189 37 19
176 13 32
68 182 27
112 190 25
52 36 61
194 108 21
79 66 61
63 114 63
132 121 35
68 47 99
157 197 60
51 48 74
63 117 73
23 11 42
150 60 94
77 116 75
103 147 43
185 189 79
180 50 80
171 122 33
19 49 26
21 193 35
86 55 17
128 168 67
85 11 91
196 186 12
90 36 28
172 11 36
48 36 54
19 114 36
171 49 85
167 42 53
0 86 96
142 66 3
186 71 31
128 40 65
112 96 64
95 12 7
4 107 60
59 49 1
51 89 35
73 46 38
14 128 23
162 125 82
143 28 99
166 80 19
149 39 60
111 121 34
13 190 76
28 130 37
24 76 92
157 97 56
99 137 81
183 118 26
9 77 47
174 187 52
69 50 43
91 30 75
58 91 20
95 2 97
190 22 54
40 184 81
155 158 73
157 33 81
152 178 13
59 190 73
56 139 42
12 52 47
48 116 2
110 69 24
107 10 40
108 112 87
92 132 28
188 166 9
92 122 19
48 173 56
91 122 40
74 134 56
15 177 50
43 70 29
125 104 78
103 75 66
46 72 48
5 131 83
102 186 3
58 154 97
128 165 80
145 158 91
89 127 82
75 55 36
191 30 48
199 34 86
109 49 59
113 155 72
90 156 71
72 131 49
183 159 93
33 199 25
180 131 5
187 81 40
45 53 75
45 85 97
181 144 6
142 116 57
46 112 33
117 53 45
80 40 49
16 83 49
125 186 74
128 138 72
103 145 59
34 192 83
162 57 85
61 117 6
139 60 16
37 163 43
39 179 44
112 9 40
94 117 47
47 134 50
97 142 31
189 125 32
107 80 15
144 108 8
178 146 74
21 72 74
0 198 78
95 49 45
122 36 11
48 143 44
149 82 51
48 35 26
35 171 8
158 146 20
23 129 52
3 83 99
42 132 82
196 148 70
47 54 24
97 103 55
28 26 55
148 116 3
44 35 63
150 164 62
137 60 4
90 0 68
14 166 9
23 3 39
61 89 96
119 117 16
128 170 31
150 179 2
82 74 36
176 147 59
27 133 24
59 134 22
130 41 78
7 98 59
97 106 7
148 196 1
106 105 5
137 160 13
184 191 47
58 41 9
2 179 97
49 153 44
37 170 46
4 43 46
23 184 86
16 187 21
91 182 16
28 92 30
107 100 9
86 87 50
36 192 73
156 97 52
9 155 85
182 181 96
134 49 62
121 96 95
137 131 95
80 171 14
192 73 31
12 188 98
134 156 17
155 28 97
64 146 77
137 199 50
139 153 23
105 118 62
191 22 65
58 127 63
22 138 19
12 61 71
18 11 62
137 79 95
94 63 11
180 103 39
122 156 75
65 179 39
63 195 40
156 193 85
40 93 52
24 1 80
150 128 67
187 3 47
5 79 96
152 53 82
162 69 62
159 105 16
53 119 40
88 186 88
85 61 48
104 71 73
111 195 49
35 168 98
109 35 17
47 32 83
157 151 56
49 137 11
182 58 59
148 82 94
177 11 98
87 125 22
98 148 34
97 78 46
58 141 58
80 97 51
178 17 34
64 13 43
26 137 95
95 196 67
23 46 5
0 90 86
187 156 90
39 199 80
74 190 68
27 118 23
90 72 13
170 78 18
54 30 89
175 27 81
192 135 46
170 159 73
11 107 36
118 93 30
5 69 7
174 109 37
48 113 64
19 119 16
98 102 54
107 90 10
79 72 20
197 12 16
160 107 72
90 111 19
56 127 58
97 4 97
109 149 40
20 14 11
193 48 89
126 89 39
74 152 79
84 124 38
59 96 68
112 24 68
20 45 15
0 114 69
131 124 93
72 22 82
97 74 24
120 143 2
170 11 96
176 6 11
123 99 15
154 140 34
189 9 70
165 176 7
161 45 8
194 52 28
27 36 15
56 28 74
14 46 51
3 60 78
196 13 98
166 42 89
57 44 91
137 93 94
127 126 63
65 88 17
78 50 75
185 183 5
158 190 76
158 131 98
51 118 35
153 94 44
113 15 71
14 161 25
71 49 15
2 83 44
44 79 74
156 125 66
132 186 92
140 33 42
181 103 66
60 39 21
103 47 72
181 120 75
128 166 5
162 170 43
7 52 46
73 127 53
138 97 8
134 39 58
186 165 10
155 175 34
90 99 92
78 171 92
67 143 41
48 172 24
142 118 40
33 36 26
123 146 13
85 104 72
58 176 86
158 52 26
0 186 19
114 98 55
16 14 26
23 69 11
112 182 10
33 130 73
170 199 50
162 7 96
49 120 60
132 189 92
27 175 82
199 43 18
44 182 8
49 67 57
96 25 68
186 73 58
149 194 4
132 28 64
173 145 22
18 62 90
131 111 82
89 1 20
24 187 83
9 61 43
169 86 44
20 75 61
8 148 54
138 104 93
66 17 82
56 19 36
132 76 55
181 85 50
77 157 26
91 111 37
39 146 70
46 16 89
158 40 40
165 25 48
44 130 67
108 103 82
155 133 57
38 94 88
51 98 73
4 199 77
197 32 71
124 61 59
135 65 37
103 108 36
46 104 33
142 141 32
59 127 58
173 198 67
63 103 75
71 41 62
89 58 17
145 181 17
38 192 26
184 51 41
152 177 24
126 125 26
83 37 50
119 172 93
94 102 3
44 93 70
97 16 60
132 181 22
144 199 69
144 36 91
183 111 5
24 47 40
178 142 90
53 102 38
120 139 37
186 53 66
36 111 83
109 65 37
171 71 52
45 142 56
176 68 64
159 179 68
139 72 95
95 94 21
195 181 39
23 123 82
7 124 36
52 63 57
17 140 32
187 133 45
3 145 86
68 1 53
128 123 81
194 167 21
138 2 47
90 9 8
83 111 33
122 151 74
92 104 30
80 132 56
60 156 35
148 61 4
73 83 22
125 190 7
97 80 39
72 194 88
183 113 59
74 43 26
151 106 90
174 139 16
8 105 3
160 85 40
183 173 6
23 14 29
170 52 35
47 113 44
22 57 58
111 157 50
194 1 23
160 144 71
64 117 50
104 117 96
82 30 52
69 19 35
189 65 46
137 105 19
135 26 18
71 92 74
118 101 64
55 182 27
15 56 73
123 176 47
33 20 41
192 67 53
132 147 77
195 132 60
8 190 14
144 96 17
62 14 45
6 101 39
114 84 6
41 164 27
103 94 30
145 108 72
66 33 89
64 129 63
13 85 6
49 156 85
8 155 45
161 99 43
12 130 14
193 139 74
187 54 41
14 169 88
85 72 98
195 40 2
96 173 58
169 65 22
135 98 14
163 128 65
91 72 27
170 81 92
97 67 62
96 46 56
33 25 68
54 139 58
105 139 31
67 39 89
105 140 14
28 138 5
125 41 76
14 186 36
194 19 41
65 90 63
62 150 96
190 50 81
60 115 63
57 186 31
58 166 53
144 15 43
135 174 7
146 8 15
59 33 13
102 123 52
152 155 99
14 94 97
198 57 6
193 127 79
67 111 44
154 9 46
38 59 78
3 140 43
58 85 91
15 48 4
140 174 87
140 53 7
151 98 15
20 54 12
30 38 53
81 194 54
118 158 65
123 177 32
64 78 92
70 45 79
149 71 86
149 162 30
124 180 32
20 161 92
8 32 17
144 193 20
43 162 2
60 126 97
95 60 32
81 193 91
87 138 30
31 155 82
56 67 84
163 71 11
74 51 98
136 151 61
122 123 46
60 17 54
36 102 23
199 122 86
62 166 30
169 112 6
59 24 96
108 174 60
55 148 2
112 14 8
79 57 91
158 191 27
174 186 92
91 135 73
52 171 50
158 103 37
76 43 34
171 118 97
189 56 34
140 51 3
84 20 32
190 70 56
36 160 34
124 68 39
94 188 66
58 129 34
12 67 94
15 60 60
143 180 55
28 61 55
130 81 92
194 23 21
196 31 37
129 97 48
138 165 29
165 77 17
150 95 73
23 140 22
50 139 24
122 72 19
100 12 66
197 111 2
91 152 4
50 15 42
81 33 90
73 195 5
0 59 33
137 12 55
39 131 32
166 61 67
107 177 52
144 4 55
169 60 97
191 15 98
155 10 10
45 185 29
87 172 95
31 176 66
129 78 34
22 163 32
157 73 58
54 73 71
109 66 8
110 61 44
131 185 31
4 103 94
97 61 64
68 188 85
75 134 29
33 41 46
93 71 43
113 91 95
89 184 8
16 96 18
18 64 63
107 26 53
98 4 59
194 126 75
51 38 85
195 190 37
45 113 94
196 24 37
139 46 89
7 169 23
74 159 79
32 36 25
152 33 83
13 5 46
7 100 72
16 61 47
190 131 53
36 14 16
50 72 37
45 188 34
94 120 64
62 89 33
46 26 78
26 146 59
133 154 76
136 86 77
199 54 28
11 7 63
108 67 84
192 101 77
156 184 84
161 112 82
100 128 84
63 80 94
18 93 63
139 1 62
147 48 40
15 55 66
25 51 84
181 41 32
130 54 17
98 17 16
121 163 25
60 138 27
1 75 10
161 119 61
40 187 18
13 97 93
171 126 23
120 73 93
188 45 53
45 29 46
122 15 11
136 34 97
19 78 87
153 87 4
149 173 14
173 139 84
147 82 69
197 149 47
172 16 96
123 191 35
125 30 26
133 152 41
142 64 41
164 168 39
141 78 88
149 195 81
192 151 44
195 100 99
137 35 66
57 83 50
19 35 42
40 123 28
95 123 58
65 143 44
57 52 80
79 26 98
111 25 81
99 92 98
25 197 27
92 126 31
33 123 26
146 85 66
34 171 6
178 66 86
45 186 43
10 182 34
15 54 81
99 168 63
170 143 24
144 54 42
164 53 94
105 193 13
69 67 26
181 47 66
159 108 43
53 163 64
155 14 28
6 16 93
15 45 50
49 62 80
176 118 80
113 48 31
19 129 70
178 82 66
193 188 77
4 63 5
106 195 65
121 190 42
16 44 50
9 142 87
151 191 68
165 33 33
21 116 79
128 198 29
19 135 44
65 35 9
180 119 33
91 168 60
20 2 30
69 65 1
94 115 88
43 78 28
81 35 21
196 56 26
190 93 55
44 123 9
185 142 93
160 178 71
40 134 91
198 173 27
158 24 38
112 84 7
47 154 54
159 46 64
89 64 84
177 158 89
49 99 57
138 46 45
14 168 53
180 60 84
150 191 92
153 192 11
103 6 39
63 135 29
0 131 23
138 174 80
144 88 23
91 87 81
35 70 77
42 147 88
8 5 95
87 139 9
14 149 99
126 117 22
182 62 75
48 42 6
196 15 25
180 181 66
162 130 25
13 8 55
103 128 39
189 81 25
136 157 93
74 61 88
59 38 77
102 72 1
158 161 74
178 70 33
56 68 79
145 144 38
149 34 88
157 3 60
102 193 17
160 92 43
37 94 74
164 42 21
119 41 67
64 57 88
131 86 93
131 145 71
142 133 53
116 24 55
44 112 31
59 68 82
152 36 45
17 100 40
63 38 38
168 155 3
109 91 93
93 126 95
115 185 26
111 110 13
101 13 63
188 43 68
136 159 75
57 74 70
43 90 46
47 107 70
168 96 23
93 5 89
127 129 23
116 164 17
14 129 72
48 12 72
65 92 90
66 21 42
38 123 85
144 140 38
167 38 64
14 44 14
100 45 37
180 102 93
32 151 75
58 14 45
61 155 20
180 78 78
160 116 53
181 24 70
23 21 73
199 143 51
184 169 94
89 195 14
99 22 53
105 191 61
61 10 12
98 10 8
100 27 51
3 120 48
135 33 38
104 177 5
45 108 20
70 162 49
65 198 73
116 115 6
133 115 85
132 158 17
24 66 6
179 181 83
71 171 96
181 169 16
55 21 6
59 163 51
70 32 89
117 134 76
59 117 13
5 96 66
187 18 12
75 39 50
49 71 20
130 15 59
48 192 69
28 46 39
62 66 6
89 198 10
125 46 2
59 152 56
36 62 29
98 26 35
48 161 18
100 146 93
131 37 46
152 149 42
6 40 40
126 102 30
119 156 98
188 80 7
14 79 64
12 3 84
124 55 92
68 142 45
35 192 42
181 1 15
2 15 7
32 155 63
146 110 55
108 27 2
132 141 76
20 194 5
64 48 5
190 169 85
82 66 52
138 109 87
7 53 23
22 25 92
138 33 55
28 10 60
102 180 59
167 65 4
17 134 69
68 125 9
150 33 57
98 188 56
126 79 81
52 74 96
48 108 16
117 127 71
27 70 8
120 77 77
157 135 89
105 180 67
162 21 73
145 82 41
115 29 88
79 156 33
109 158 69
177 184 75
17 45 68
35 85 11
146 166 57
35 3 17
175 135 12
193 190 57
14 24 71
56 186 88
105 17 86
55 1 52
114 82 47
176 9 94
163 176 99
195 47 8
107 70 33
32 153 41
144 189 22
84 186 61
180 192 45
129 150 19
157 88 93
167 73 57
38 36 50
60 7 55
5 138 55
138 96 49
151 139 44
38 142 99
103 184 41
16 111 64
37 83 30
180 46 39
32 141 92
194 152 80
168 55 42
2 23 2
69 176 9
179 83 7
47 61 74
193 194 48
36 182 16
109 101 35
132 103 96
80 52 99
85 199 36
29 148 10
72 198 73
17 177 39
146 155 70
139 114 76
30 126 24
112 5 98
46 128 35
134 109 62
196 143 12
38 107 62
94 112 96
86 8 69
123 1 46
121 10 69
47 120 14
98 190 53
124 185 2
18 43 21
116 106 88
154 195 78
92 192 20
14 189 89
197 108 90
33 87 13
42 81 27
82 65 30
179 162 97
148 25 61
70 67 1
49 89 25
42 31 97
143 108 49
185 115 60
14 177 18
1 12 89
50 120 78
196 158 48
92 65 25
68 157 16
58 78 15
69 127 22
137 14 81
81 70 24
153 29 62
81 59 77
189 118 46
25 7 37
189 61 61
110 47 99
162 120 61
197 198 81
9 133 66
72 137 99
122 114 55
119 161 70
75 140 81
138 125 68
41 38 88
104 93 99
134 157 73
37 68 47
103 196 95
197 128 75
182 159 81
37 148 10
129 132 7
170 9 68
98 175 89
184 146 40
185 33 56
48 170 58
167 78 33
134 113 87
174 116 74
93 182 25
174 61 17
170 178 65
21 143 26
95 16 8
43 42 28
35 187 68
187 100 62
123 155 16
26 116 46
54 190 56
180 49 66
110 148 65
54 184 7
112 0 87
198 23 88
186 99 77
0 52 85
139 152 47
32 25 10
77 156 40
84 171 31
12 113 51
156 194 17
104 136 63
195 72 30
14 175 62
100 66 24
158 4 38
128 173 56
76 163 38
107 187 27
87 188 57
189 139 78
157 66 22
180 72 83
22 174 27
25 18 35
93 144 30
178 167 14
124 76 73
12 157 4
181 79 22
143 38 24
53 65 56
104 127 54
5 133 97
28 177 90
165 42 19
10 7 49
69 107 37
147 26 51
74 171 94
109 96 71
92 13 75
93 51 15
98 34 64
136 195 81
56 140 62
82 33 69
42 187 8
145 160 99
104 89 18
115 45 86
46 52 17
35 14 51
0 82 42
69 4 65
28 180 1
185 151 64
143 71 8
7 175 7
57 81 25
37 191 67
197 64 40
26 65 88
85 118 46
113 72 58
199 151 1
117 174 68
26 89 62
0 127 50
187 124 92
28 146 56
106 38 84
31 168 66
109 144 63
31 78 14
53 12 88
8 119 78
83 153 11
41 35 44
150 136 95
10 176 32
31 95 2
104 124 58
194 14 10
116 31 12
197 183 89
129 120 43
100 167 25
168 161 57
29 92 97
141 150 48
91 193 50
67 124 76
88 73 17
155 117 87
126 148 83
118 45 98
92 37 12
122 157 62
33 145 11
28 1 42
132 137 50
3 95 64
163 17 92
72 35 41
180 53 77
139 88 47
14 153 58
57 59 99
100 195 2
73 74 11
147 148 64
75 26 8
131 140 37
71 21 51
90 20 33
25 113 46
103 189 96
173 177 80
90 80 3
47 117 60
156 37 12
85 16 40
9 23 11
121 34 33
89 189 23
181 52 22
28 9 4
76 79 41
14 56 11
14 49 88
82 101 19
167 154 76
141 119 26
39 145 37
38 71 89
168 47 68
50 124 83
147 75 79
144 170 9
123 179 65
98 68 17
88 74 75
167 159 59
141 58 88
188 170 11
28 141 43
79 68 86
140 120 17
199 83 77
19 133 69
75 18 92
198 61 77
76 69 71
87 50 32
116 161 53
194 42 61
142 151 21
185 176 18
59 87 62
64 12 93
30 15 79
182 136 71
123 41 34
163 105 81
61 156 83
39 32 34
165 51 11
75 97 41
173 53 94
101 190 56
136 48 31
142 103 63
164 13 36
135 55 28
61 144 65
59 40 42
47 119 81
165 80 94
182 72 90
145 42 41
191 186 48
152 91 82
121 184 74
93 18 82
193 27 24
24 72 88
144 17 35
179 51 31
148 86 89
87 149 84
3 26 64
30 162 55
180 166 27
126 103 83
197 43 18
80 39 43
103 25 36
124 40 69
105 141 81
10 180 87
11 143 73
19 71 67
46 97 86
192 40 49
183 168 62
59 44 1
44 72 67
14 190 73
169 25 99
140 154 1
162 103 95
11 15 7
89 180 95
100 135 67
163 138 83
98 111 68
105 61 71
12 90 84
44 42 70
77 146 2
195 142 77
176 38 24
180 39 11
146 25 76
192 4 81
96 114 71
29 113 57
189 143 67
152 107 22
2 5 29
9 52 79
15 14 42
115 131 95
174 146 58
135 63 96
150 40 9
70 119 15
57 183 10
23 84 4
189 30 96
9 161 68
111 52 33
1 168 71
114 103 93
67 174 99
180 196 39
172 158 25
26 101 34
118 191 39
57 113 65
37 66 48
18 28 42
61 76 17
123 77 32
36 6 96
23 190 68
105 174 10
88 47 34
199 5 63
186 185 58
196 125 24
114 199 41
24 167 6
104 107 6
31 182 94
175 61 4
139 182 78
170 22 93
44 91 44
90 37 89
91 0 42
135 125 25
114 36 99
123 18 77
5 112 22
156 6 77
181 74 29
157 69 58
107 96 5
13 149 78
48 91 96
42 35 35
63 86 98
56 178 3
59 141 23
143 59 32
81 180 32
88 126 75
82 192 96
137 123 67
86 144 85
66 161 95
82 139 55
135 2 74
143 25 36
156 62 8
12 138 96
158 134 99
11 42 79
187 152 25
185 53 77
94 113 33
62 113 50
69 47 98
169 73 37
14 59 90
81 133 11
114 150 36
104 59 10
15 1 95
29 17 62
186 111 44
158 5 99
28 53 45
18 90 75
60 90 14
110 174 25
36 135 86
140 176 43
157 147 91
26 57 48
193 157 22
148 88 31
30 181 92
1 99 42
192 123 39
27 22 72
103 48 49
133 97 97
191 185 6
54 114 26
30 113 6
58 165 63
34 194 86
147 79 91
135 71 49
13 77 17
156 151 1
170 173 68
22 8 33
176 1 75
100 99 81
17 122 29
176 49 93
192 74 65
7 31 60
134 17 15
152 8 31
192 80 88
86 15 40
162 197 46
166 178 46
50 198 7
105 119 39
70 161 36
27 131 24
101 10 86
40 127 41
132 71 56
33 109 80
96 29 49
63 147 73
85 123 24
46 95 11
105 95 58
76 183 97
71 74 1
88 16 36
154 68 56
89 90 87
15 37 63
37 112 98
59 17 44
31 110 18
89 133 59
194 177 53
94 51 22
13 25 75
36 106 94
70 35 62
105 36 79
62 174 57
69 57 89
16 156 63
109 123 5
176 79 21
142 48 21
86 44 12
180 75 26
179 143 25
108 127 58
126 29 95
91 105 17
4 32 21
144 162 79
165 84 61
183 41 92
186 9 95
33 162 45
32 58 29
130 151 46
182 91 3
153 129 30
29 48 5
166 158 74
132 54 70
113 126 37
22 132 85
185 100 48
187 52 35
155 150 61
81 97 72
11 75 52
22 162 2
128 108 64
194 60 97
74 177 91
5 119 23
152 154 88
189 100 89
83 90 81
189 58 19
90 61 17
76 101 28
36 187 54
0 173 16
136 143 15
178 11 88
84 39 36
90 188 77
75 192 53
173 91 70
185 147 73
1 83 83
122 14 32
7 45 58
137 65 10
68 92 53
177 17 66
66 149 30
10 77 19
94 1 17
84 28 73
103 156 60
58 17 31
9 183 98
144 31 52
25 12 1
51 85 42
170 135 49
48 125 73
116 173 52
187 138 29
22 111 64
163 157 36
122 1 63
18 197 53
173 130 3
86 116 54
95 42 25
156 16 2
90 101 22
149 109 98
148 80 27
67 101 35
192 18 15
68 101 77
32 15 6
131 48 21
131 128 1
10 97 99
196 169 52
32 101 9
183 109 69
186 6 10
77 186 42
128 43 83
12 37 37
55 36 6
17 167 86
42 96 47
57 40 68
100 70 85
17 65 96
197 130 50
55 89 92
61 98 66
34 158 58
7 9 2
125 83 88
73 67 8
189 90 2
12 87 75
182 86 19
120 71 98
143 111 12
113 111 62
54 138 28
181 7 31
61 178 69
105 109 49
49 194 75
60 100 59
15 84 24
66 87 67
58 31 86
21 113 86
85 30 48
81 1 92
147 5 5
16 8 14
158 138 86
14 10 46
82 189 41
155 53 47
49 126 4
62 71 42
50 39 92
28 20 69
8 15 41
58 19 48
156 168 75
42 197 62
76 136 31
131 98 40
155 49 76
151 165 14
5 163 14
6 117 86
119 70 21
162 1 54
145 28 44
0 79 29
168 119 55
164 89 51
112 157 76
47 11 39
135 58 21
109 7 99
59 157 11
44 162 23
65 34 43
67 118 69
177 53 5
169 184 12
15 186 37
37 74 37
106 74 56
88 90 78
137 193 59
4 59 51
83 46 99
49 146 57
30 4 99
40 166 71
151 183 6
166 159 24
64 109 34
145 120 5
32 35 22
5 3 28
194 2 55
74 188 69
164 28 17
98 47 35
79 127 37
53 15 33
95 27 26
113 76 49
129 164 12
159 141 54
100 180 47
161 6 30
78 129 24
6 81 87
83 167 64
115 117 15
117 35 39
127 20 35
107 150 57
52 133 39
183 181 54
48 61 37
43 85 19
118 63 39
123 108 37
128 58 45
168 132 85
44 111 70
97 193 75
85 71 22
95 128 9
104 97 49
77 132 85
107 93 84
14 88 63
100 112 99
10 24 88
157 96 83
26 179 15
130 88 83
81 149 68
110 16 5
118 7 99
78 167 80
114 117 97
51 79 31
101 55 36
45 19 27
93 103 5
82 152 67
183 27 36
162 154 87
7 59 58
167 28 13
91 133 94
120 124 93
76 6 46
50 33 10
6 9 13
57 163 26
172 21 36
5 90 77
70 122 79
76 85 42
15 71 74
123 12 39
107 128 54
10 144 31
90 137 84
25 156 2
102 1 25
73 81 60
3 113 98
140 64 10
60 25 11
15 57 2
134 51 87
9 2 40
13 166 17
174 77 50
150 7 17
27 37 67
26 193 78
112 153 77
59 98 63
73 16 23
153 188 32
57 192 3
173 95 82
175 58 47
27 6 69
92 167 84
4 164 64
120 99 71
109 42 66
191 195 15
175 56 65
188 81 67
102 113 79
8 0 88
37 105 37
148 10 96
80 36 10
78 19 72
180 11 87
13 52 49
170 96 85
19 69 50
57 153 91
26 60 5
136 50 51
180 186 66
148 85 65
102 148 56
132 46 98
198 48 23
24 28 71
147 72 81
14 62 92
17 162 94
15 196 15
136 61 59
74 97 56
159 186 36
170 8 62
161 38 31
155 157 50
146 173 6
153 158 80
29 57 80
106 86 24
94 16 54
47 160 66
51 115 97
129 121 26
3 149 6
179 182 43
141 164 17
133 163 86
120 198 25
21 131 8
79 90 90
0 182 34
9 97 76
18 68 78
63 164 81
140 169 55
45 37 12
188 175 21
153 7 68
164 77 42
12 191 60
17 106 18
193 9 95
123 72 71
127 173 32
36 166 74
187 132 19
162 142 48
79 140 95
191 198 11
175 153 3
193 1 45
189 73 15
124 44 96
159 172 86
62 43 25
27 143 81
26 105 67
9 112 5
123 67 87
188 61 34
70 51 71
195 128 42
45 62 54
78 58 43
63 11 18
180 66 94
84 67 75
168 179 29
78 65 42
46 163 29
21 66 16
89 67 86
155 122 46
179 146 46
33 141 51
75 67 35
81 84 94
164 167 64
149 83 20
2 98 28
9 109 94
140 151 12
106 193 73
146 55 18
121 87 65
163 24 45
144 156 84
111 177 83
160 14 96
181 140 4
108 90 45
6 109 54
72 158 66
185 180 59
136 177 77
151 112 9
103 157 73
98 131 66
84 164 79
161 170 28
128 97 68
33 134 83
188 20 74
110 195 48
114 35 38
154 143 67
124 114 17
100 90 35
171 159 55
52 43 87
92 188 94
50 169 67
160 171 9
71 30 48
179 103 11
96 82 28
54 118 54
81 156 96
116 97 32
186 167 32
186 118 16
64 3 10
50 107 1
27 153 68
84 106 37
133 122 29
33 169 50
115 164 4
147 17 85
20 185 10
123 93 13
85 4 51
144 129 82
184 97 54
9 141 24
160 8 61
57 34 51
172 46 43
58 115 2
188 33 53
46 151 70
102 159 88
100 136 61
80 100 88
155 83 65
60 150 82
153 82 96
27 79 53
173 66 7
77 51 22
91 41 36
44 101 71
188 72 8
172 14 17
45 164 7
41 139 11
84 12 85
136 21 46
49 41 89
56 12 75
47 125 65
188 50 87
50 166 72
40 165 67
176 174 38
57 22 43
95 191 75
76 14 15
143 68 53
188 41 57
22 43 81
85 132 88
114 70 57
138 184 90
93 138 61
168 172 58
50 95 77
20 36 12
135 15 60
173 112 78
162 76 86
153 37 46
58 116 91
80 191 62
136 176 60
165 86 22
63 109 36
160 183 7
193 147 6
157 144 80
172 88 38
138 30 54
142 181 46
28 111 7
69 11 18
189 144 78
28 93 61
187 95 59
9 89 5
136 16 41
191 35 47
6 132 4
82 68 65
163 196 58
39 143 96
144 177 53
15 27 65
157 49 86
66 167 4
129 94 66
84 3 28
123 171 19
8 81 96
77 92 15
21 75 10
68 83 1
124 153 28
36 165 38
133 73 86
176 198 61
159 163 74
161 196 44
31 172 71
122 94 18
22 83 59
132 60 95
16 13 8
187 173 62
40 98 63
54 172 98
50 27 65
135 12 32
170 104 40
129 178 97
135 169 47
64 76 70
9 126 75
55 183 25
158 19 19
2 143 37
183 3 31
22 128 35
75 66 16
108 40 52
100 8 33
161 68 97
198 86 74
96 68 35
97 177 45
117 120 64
148 14 44
110 39 48
6 178 91
14 198 85
15 109 6
186 122 27
67 14 12
146 89 9
163 133 10
50 181 20
159 110 41
184 54 91
168 195 76
62 86 26
135 78 28
68 107 16
40 69 4
36 75 33
154 147 19
21 164 8
140 165 36
186 11 58
192 175 94
148 188 53
95 134 29
194 137 31
89 32 63
148 7 17
199 100 81
110 1 95
12 34 23
179 80 99
155 3 75
171 89 85
114 195 25
184 64 81
100 79 78
9 147 49
4 153 3
54 33 55
151 62 34
113 7 92
63 99 52
144 187 86
148 145 76
129 147 4
8 79 56
170 183 2
4 36 53
164 110 66
50 188 88
80 175 90
196 197 30
78 39 23
55 16 48
77 159 73
138 168 98
7 23 13
81 54 96
58 189 42
153 63 29
53 105 9
108 111 94
162 139 60
78 2 67
104 83 2
165 39 72
40 65 82
32 59 32
3 151 35
107 191 86
195 42 5
93 35 78
115 120 93
36 138 8
151 169 53
89 69 25
37 113 3
150 153 67
9 45 94
64 22 83
96 198 87
174 48 26
29 144 78
75 139 84
191 175 59
151 154 20
97 95 41
15 16 16
49 25 20
176 163 58
185 66 84
38 32 93
176 130 97
37 102 45
120 115 97
127 135 97
56 176 37
181 45 91
8 39 10
177 165 69
55 11 35
17 19 38
88 28 37
123 97 58
63 128 53
64 139 26
38 43 91
173 47 83
113 170 56
142 171 59
179 15 10
101 153 62
11 87 5
87 153 30
118 127 33
141 1 21
19 107 63
177 66 53
116 186 92
120 164 24
39 123 68
29 189 13
70 0 23
133 141 8
120 179 58
25 97 25
19 170 8
12 170 84
172 113 32
102 38 44
96 12 12
46 23 56
122 188 62
27 105 10
156 102 51
84 197 57
199 88 74
179 117 2
137 9 48
138 87 22
10 19 6
109 165 28
161 184 90
33 183 16
10 46 92
168 82 64
166 64 96
148 149 97
187 157 1
161 56 19
84 75 10
40 18 48
70 84 64
64 59 48
92 117 58
136 11 46
50 197 3
90 41 54
32 29 24
144 181 84
149 117 32
128 141 46
94 9 50
146 137 72
169 129 89
184 78 17
116 114 13
28 16 35
122 99 20
48 154 48
4 88 90
140 63 28
51 44 26
145 68 55
142 21 5
16 110 43
34 45 83
73 169 97
32 67 55
70 39 22
130 75 62
105 145 16
23 177 96
160 39 90
33 67 22
0 4 58
156 27 88
135 165 40
115 171 87
162 198 17
101 136 8
142 109 34
130 158 22
66 107 98
142 176 45
159 140 54
9 108 82
195 30 68
154 39 73
102 147 12
199 44 66
151 107 76
78 166 43
162 35 12
155 37 75
95 61 51
21 109 19
149 197 53
148 17 58
24 51 75
167 14 73
5 113 57
59 88 21
71 155 61
153 98 17
171 115 55
117 1 35
196 48 26
155 84 11
125 180 46
89 160 28
84 185 54
171 17 84
133 148 98
103 83 82
101 19 66
157 108 66
145 142 15
78 97 48
199 81 14
110 89 91
82 107 70
184 196 91
170 49 34
14 77 2
199 174 91
132 149 78
136 65 51
20 171 9
86 113 77
163 75 7
136 2 38
143 0 66
138 130 77
112 163 89
58 74 16
122 129 4
23 77 74
100 86 53
117 197 81
187 168 48
137 37 23
156 163 51
49 109 12
131 73 88
185 74 84
123 14 49
165 54 52
100 2 58
43 188 76
31 164 5
140 138 39
142 43 35
69 46 80
38 34 6
89 171 36
125 56 51
102 5 93
144 3 89
106 188 17
21 95 8
134 61 79
131 29 20
177 110 18
140 88 2
145 51 94
192 130 75
170 114 60
119 87 66
133 155 95
170 97 40
97 66 33
40 130 18
94 43 97
8 93 85
25 36 80
48 54 21
165 178 63
48 132 96
168 165 84
147 123 24
76 159 34
143 124 60
28 122 12
187 105 37
31 103 41
145 132 6
65 4 77
42 95 21
90 64 39
110 112 21
146 177 50
163 192 1
100 92 83
70 105 26
14 37 5
144 82 51
188 139 48
95 98 68
74 187 45
27 144 75
129 182 20
149 199 17
78 150 67
144 114 9
150 98 21
116 178 48
158 157 30
10 35 59
6 110 60
53 23 73
94 97 19
196 144 62
16 171 55
13 29 54
68 149 85
126 34 86
133 182 23
110 51 31
158 87 13
176 53 95
118 112 27
11 77 63
189 42 94
54 125 95
107 86 14
41 88 35
61 36 37
63 22 2
59 6 9
110 6 70
159 51 60
171 23 65
126 28 97
141 151 52
124 156 44
187 96 2
60 28 15
163 82 30
106 59 18
100 56 1
127 117 56
49 183 54
199 130 73
151 148 10
195 55 55
178 143 24
131 130 23
91 198 1
173 84 59
18 26 6
39 71 37
40 155 89
8 92 49
7 157 86
154 111 49
44 27 22
40 54 10
178 91 35
122 84 90
14 122 14
194 0 3
119 111 6
188 95 92
36 89 74
168 52 35
181 117 94
93 95 31
19 196 50
91 120 18
34 23 78
88 138 45
124 62 88
38 62 5
174 35 37
28 44 17
152 64 76
117 132 56
24 4 84
44 160 97
98 116 25
3 16 78
72 85 88
95 104 56
153 195 83
32 178 33
3 7 6
81 88 23
144 92 55
133 18 83
92 11 42
155 105 14
92 139 33
151 100 1
151 189 13
111 100 29
54 170 20
94 182 71
52 31 28
31 131 18
121 179 48
102 19 81
159 119 70
149 99 25
62 181 35
121 99 15
47 64 83
78 124 55
60 99 83
142 5 32
125 167 73
143 154 91
22 34 56
19 7 67
172 144 57
1 8 71
183 8 75
32 116 54
83 88 72
83 139 86
92 73 21
17 34 74
7 144 96
101 96 48
188 49 11
161 71 62
21 16 70
84 19 72
121 137 19
94 105 42
92 101 39
104 115 2
98 37 29
93 104 56
21 13 41
43 183 4
195 27 24
103 82 65
26 14 97
76 93 37
120 108 15
63 65 76
145 148 25
39 121 32
31 56 20
87 137 16
101 169 27
191 50 69
57 70 41
133 83 78
147 25 91
77 27 84
169 76 34
95 25 59
104 31 64
9 192 47
125 65 94
10 177 32
113 128 72
105 76 88
132 51 69
143 197 17
137 5 19
151 34 83
116 107 70
109 176 5
38 105 2
14 123 70
182 162 88
72 103 55
103 51 66
101 44 75
34 69 93
136 13 39
113 94 91
54 150 10
194 89 72
36 189 35
182 47 46
192 35 15
61 85 32
125 54 13
61 171 58
126 142 49
67 64 70
180 145 13
95 92 51
112 174 15
8 42 57
56 107 63
147 16 48
159 11 17
12 174 56
107 24 55
121 157 64
30 42 2
172 136 48
69 117 52
172 89 85
138 37 22
96 99 46
161 87 96
124 186 51
117 129 74
76 143 36
89 163 32
174 42 41
152 118 34
173 13 76
126 48 73
156 82 56
123 160 98
134 144 15
188 158 55
138 102 52
69 105 39
79 145 82
74 88 33
146 86 10
178 88 21
96 33 43
96 147 62
26 198 60
53 77 73
184 85 35
111 18 66
113 70 97
70 100 80
72 43 66
105 56 84
42 152 76
78 172 98
79 16 13
114 18 19
184 61 19
94 18 13
114 61 42
71 77 22
0 160 84
74 6 23
121 107 24
18 5 22
11 197 98
38 49 71
11 112 87
178 123 15
183 68 6
137 195 72
106 89 1
163 181 70
38 127 14
85 162 59
82 184 33
64 186 65
180 10 28
156 43 84
133 198 33
23 62 62
7 47 17
180 155 29
64 1 19
86 30 19
7 32 55
21 106 41
118 76 94
95 83 39
78 96 89
149 41 86
187 199 65
148 181 35
89 34 83
32 21 43
123 148 12
179 12 61
11 105 28
149 167 48
22 184 25
5 99 15
196 8 76
2 75 64
75 88 38
25 171 65
32 179 29
53 174 53
92 155 17
76 39 8
93 112 96
175 193 78
55 171 96
139 147 72
5 13 63
162 24 90
0 91 13
112 34 40
11 139 61
154 40 53
77 108 54
63 9 10
145 16 3
42 194 47
83 101 75
24 85 84
190 100 82
109 108 47
188 179 36
34 174 43
92 130 71
4 82 97
182 152 68
20 53 63
138 45 43
34 190 90
95 124 83
53 118 97
157 41 94
97 186 52
150 43 5
161 22 85
73 175 94
187 146 28
103 34 80
115 187 9
57 145 85
154 19 65
129 191 30
149 180 96
63 77 65
131 182 55
143 34 49
7 140 43
83 79 58
190 150 94
138 58 84
81 144 16
187 114 90
34 48 69
77 170 92
188 89 49
28 190 31
122 26 22
54 123 41
65 86 77
19 0 94
140 178 49
16 148 86
179 59 92
95 102 19
80 43 61
41 34 28
16 106 12
173 78 9
61 102 8
33 64 94
146 140 85
110 75 65
85 105 7
119 185 62
183 20 21
130 164 33
15 66 52
158 111 50
168 41 17
95 76 48
145 88 86
102 11 72
92 76 15
199 23 53
4 73 74
59 2 72
121 85 33
179 145 42
106 21 84
38 162 87
2 3 11
86 23 49
92 10 78
188 118 79
62 101 95
158 74 34
99 13 84
59 78 57
149 49 51
19 8 19
169 170 39
75 14 32
196 10 8
80 81 17
109 57 36
126 65 23
153 41 67
86 33 74
58 121 41
169 7 49
83 53 99
139 22 72
122 185 30
16 70 24
39 127 92
197 189 29
191 54 50
139 122 40
23 193 42
156 137 92
167 10 76
10 141 10
136 84 43
134 26 65
36 147 86
64 166 20
56 165 45
20 71 79
192 12 12
180 45 67
57 123 94
125 143 89
158 124 54
116 9 16
176 37 27
5 65 9
129 85 22
147 62 97
90 44 38
31 47 25
113 107 28
65 170 11
58 151 1
60 62 26
113 171 45
115 123 9
147 156 78
94 104 24
53 68 63
51 133 38
80 92 72
164 54 33
158 130 27
108 63 16
96 24 28
174 91 45
186 136 12
122 66 9
162 193 88
120 117 39
149 32 81
155 160 25
183 64 59
24 15 61
174 89 9
96 66 61
193 74 93
119 25 27
95 33 98
152 124 57
115 169 3
0 5 35
22 54 65
177 59 27
144 77 70
64 157 85
177 8 66
80 180 30
58 137 45
29 134 1
155 63 67
147 71 39
118 99 50
68 15 76
160 45 47
167 151 68
1 195 22
138 16 70
2 198 6
14 81 44
112 116 52
140 61 93
102 6 4
39 27 71
120 100 84
99 50 69
99 172 97
136 63 73
105 165 49
89 111 75
179 115 16
38 13 3
195 24 87
66 105 59
20 40 39
61 198 29
43 89 36
139 27 33
53 157 58
80 166 66
169 54 76
14 9 35
146 169 92
50 9 42
20 181 86
116 38 63
79 1 31
91 50 45
136 194 21
101 59 44
190 25 88
126 73 41
76 147 59
181 93 68
59 185 31
179 121 26
122 61 2
25 56 54
48 179 19
171 181 55
97 119 12
147 116 23
76 110 37
130 62 67
5 196 8
53 138 7
188 141 40
108 48 53
120 58 38
60 107 16
29 87 27
33 177 31
107 28 58
159 121 18
125 19 66
125 14 90
44 8 56
71 82 77
182 174 12
24 18 70
81 64 2
167 88 75
109 10 73
117 78 5
3 17 96
44 22 15
75 158 41
66 14 67
193 161 86
173 199 30
72 48 13
3 157 78
67 185 4
121 141 83
15 175 77
127 21 20
143 138 88
95 24 63
11 78 49
148 84 85
95 79 58
29 191 36
131 190 53
125 118 27
149 63 43
68 66 22
111 72 3
93 60 52
188 117 46
131 191 88
117 131 92
165 161 60
190 19 23
126 50 73
2 110 52
74 79 41
189 183 32
167 173 45
176 55 23
129 55 98
100 16 99
140 89 70
15 183 22
189 0 97
92 44 80
61 5 43
186 188 22
187 151 83
21 62 5
31 151 76
66 71 74
177 122 53
82 44 59
175 123 83
36 157 58
98 157 57
175 174 84
107 159 20
188 57 11
120 88 43
156 83 17
120 18 88
154 86 70
36 113 27
45 183 98
45 56 59
135 143 92
6 37 73
142 54 79
60 27 33
24 12 17
62 121 27
92 0 67
102 130 5
176 117 27
73 126 24
184 5 11
34 104 18
98 169 62
176 166 34
90 58 32
56 117 19
79 154 37
173 52 28
102 181 48
90 27 6
7 116 77
143 133 41
150 2 68
65 6 9
66 196 8
40 61 30
194 121 44
189 12 18
42 16 99
91 31 58
164 192 98
162 34 60
83 87 7
174 189 79
112 59 92
34 156 31
185 136 86
118 83 24
139 124 5
153 105 31
17 63 66
132 163 89
115 112 69
172 1 16
199 121 34
92 25 95
143 85 93
147 41 52
183 43 49
154 130 21
79 182 37
111 30 76
122 139 95
114 146 98
9 101 45
185 108 24
22 51 19
89 105 30
104 173 19
38 67 29
188 190 58
1 110 63
50 98 55
168 188 92
26 53 52
84 50 93
109 70 63
0 136 42
60 4 72
93 50 26
44 140 28
87 192 25
147 128 69
17 194 47
90 186 52
5 197 10
45 63 96
131 152 87
199 178 79
149 74 96
175 132 52
80 117 41
131 76 40
139 185 28
126 71 75
107 54 66
78 134 35
137 6 54
146 145 36
56 17 85
81 39 67
56 23 97
27 142 29
119 143 14
34 109 54
113 110 19
49 102 43
28 107 58
141 3 85
184 41 51
85 169 84
129 40 48
148 139 87
102 163 33
192 128 67
44 180 85
64 105 94
55 7 81
13 173 35
42 128 87
102 149 18
54 132 45
98 101 57
47 144 33
73 62 28
122 25 1
43 172 92
114 104 86
150 64 37
197 36 80
199 8 58
10 100 33
33 17 70
144 86 61
105 89 62
23 156 18
88 68 20
27 188 32
1 4 10
82 171 68
5 91 12
137 90 55
66 47 61
192 47 41
53 58 50
118 152 7
12 71 24
138 54 18
77 177 98
61 125 80
112 2 12
168 29 72
169 55 21
91 97 94
135 50 88
134 22 23
111 114 87
90 129 87
15 185 2
194 198 26
29 138 25
187 59 61
112 69 59
22 14 63
100 63 43
163 28 23
32 102 10
98 19 79
3 116 92
142 129 3
156 71 69
94 175 53
149 142 99
148 69 66
11 199 91
17 30 31
168 198 42
19 108 88
30 193 68
106 55 54
40 7 37
32 71 81
70 190 90
101 42 59
76 10 86
55 52 99
198 189 61
132 152 41
65 171 75
16 29 41
14 91 49
163 160 50
44 95 12
142 93 82
136 31 65
25 26 26
187 131 88
155 91 69
189 38 53
160 122 31
182 144 77
195 92 19
131 40 21
137 49 33
186 85 62
139 145 28
187 184 14
4 14 39
28 29 72
19 55 27
180 195 15
198 18 64
87 104 50
42 112 12
68 183 80
55 180 4
27 155 54
52 81 49
149 106 47
5 71 99
12 119 50
171 160 70
141 13 68
13 126 46
127 50 15
22 20 77
110 173 40
162 155 43
31 111 26
32 16 99
107 131 94
50 66 11
4 114 70
65 146 9
137 140 39
3 38 76
63 189 46
48 88 77
125 48 98
158 174 37
110 94 2
7 66 44
72 89 48
161 147 41
135 66 44
84 45 6
52 145 80
121 187 35
40 46 66
59 3 62
77 127 55
50 158 98
148 191 99
170 18 77
40 91 55
74 75 5
48 5 11
192 109 49
30 196 24
76 164 9
186 70 53
188 98 75
75 9 47
72 179 5
41 70 40
120 35 34
64 173 41
175 140 73
20 102 70
59 182 12
18 122 20
115 154 76
126 136 38
197 37 21
118 178 85
177 144 2
180 105 40
80 41 93
28 161 26
91 160 55
22 86 36
21 123 81
137 21 4
92 24 99
198 20 9
165 45 45
9 70 1
110 171 27
182 40 89
90 4 8
151 26 67
188 16 50
140 11 71
102 197 2
74 151 98
82 144 23
180 185 27
172 45 61
111 174 39
94 128 54
116 70 7
141 48 54
32 191 42
82 150 87
47 96 9
31 161 70
83 27 78
40 37 33
6 182 32
9 36 42
184 50 10
102 92 2
178 49 28
59 82 80
163 58 92
147 29 67
60 167 11
163 171 19
78 76 2
122 195 77
119 92 86
33 131 31
86 83 5
108 49 73
29 60 4
57 95 48
95 80 25
146 10 65
134 164 64
125 159 89
12 10 99
87 102 69
46 25 69
93 25 13
198 183 58
4 130 25
81 165 37
188 63 48
188 25 97
122 77 98
47 194 72
142 23 9
93 96 91
3 79 68
43 146 69
149 43 45
108 155 72
137 23 98
161 41 28
57 130 44
135 70 66
66 42 50
83 155 80
186 199 19
195 117 48
41 31 74
6 137 19
129 107 36
11 37 4
42 54 22
79 167 81
67 51 83
119 8 60
158 91 49
183 73 75
184 22 1
72 38 14
192 145 60
154 31 13
141 124 47
91 48 60
185 47 68
119 175 42
116 15 67
33 176 96
146 100 46
173 175 12
16 60 32
151 24 54
97 104 82
155 73 72
161 148 63
66 57 42
11 173 47
25 75 93
22 108 77
95 37 38
127 186 62
133 181 59
72 56 14
126 57 84
60 65 92
24 161 56
92 170 73
182 105 16
41 162 48
139 160 6
49 76 52
37 42 93
111 151 70
20 190 39
78 80 84
81 138 12
156 90 43
193 180 84
59 193 54
152 51 27
167 21 48
183 145 72
141 8 47
120 104 26
86 123 68
4 33 10
127 69 41
47 187 50
10 11 94
40 45 87
123 122 42
91 117 5
15 104 73
130 52 43
159 107 61
134 9 69
170 36 15
105 25 63
73 120 82
15 184 52
199 133 28
160 90 21
190 191 22
141 196 8
155 196 87
99 58 60
197 27 97
52 132 78
103 10 81
128 120 25
170 54 49
84 156 40
137 151 13
3 193 87
54 179 85
106 79 48
124 138 47
30 145 90
24 185 25
6 73 15
19 117 66
161 34 33
195 188 60
196 92 59
92 81 88
11 0 65
88 174 56
42 72 74
92 42 18
30 151 57
79 58 60
22 177 11
173 70 93
144 195 50
6 160 6
112 138 64
142 163 55
55 98 41
131 162 28
15 34 88
104 75 27
59 8 10
57 9 47
170 17 86
128 55 25
181 194 45
145 0 68
111 117 76
33 188 39
194 155 54
5 53 87
89 182 5
76 116 34
120 6 81
73 82 54
81 184 62
73 145 10
191 59 57
139 142 85
105 163 28
178 93 12
59 42 77
40 12 74
129 143 98
106 91 60
169 183 74
111 126 15
48 195 31
115 63 82
73 110 67
53 90 40
26 176 99
3 64 93
123 75 86
163 107 9
3 185 29
175 71 6
73 124 76
97 93 47
167 128 81
99 89 39
151 186 54
120 5 49
190 6 76
110 104 16
70 17 77
68 96 36
47 94 89
186 135 75
59 110 81
26 131 36
117 171 18
132 193 70
189 124 61
84 25 79
85 93 49
108 123 3
39 65 47
36 4 56
165 106 92
56 75 34
128 113 5
174 144 58
178 175 82
167 18 40
133 52 29
55 79 89
134 11 47
85 176 5
3 10 91
5 183 3
191 145 80
114 28 19
29 18 12
121 76 70
162 93 80
25 95 63
163 90 51
21 71 29
143 22 59
105 151 35
109 106 94
96 141 77
15 46 25
117 81 80
74 18 31
3 0 68
177 136 48
76 22 90
107 46 36
112 189 23
187 123 53
157 127 80
22 40 62
48 115 84
89 177 76
171 125 73
198 195 17
24 183 89
187 129 42
1 149 14
163 126 92
190 171 62
33 122 94
32 161 19
185 169 39
64 63 69
3 181 18
59 64 22
90 119 2
137 107 42
77 126 76
108 68 6
68 110 58
132 120 78
94 82 76
0 194 9
114 44 91
31 160 43
195 114 13
33 34 21
168 69 55
122 162 52
185 41 9
74 84 98
103 63 33
125 165 68
40 17 49
179 96 51
192 98 70
63 179 27
25 63 10
190 67 1
77 171 40
13 194 93
79 136 70
151 128 83
34 140 30
65 71 4
160 131 44
39 105 33
122 81 78
115 11 88
170 108 41
106 165 26
121 53 98
177 121 20
4 68 40
86 155 25
119 48 6
55 187 31
164 158 5
107 155 64
31 72 47
72 139 21
48 8 3
55 138 13
154 80 91
133 96 98
196 4 20
121 32 20
48 120 69
84 88 11
43 130 2
153 131 58
97 47 25
3 28 74
73 166 63
126 163 6
93 16 18
135 42 35
20 51 53
49 103 91
13 18 18
65 46 1
99 143 36
105 195 76
154 117 47
140 86 9
156 124 99
54 6 94
106 57 18
191 150 12
120 118 4
183 47 49
158 199 80
37 179 45
2 153 84
118 41 28
173 195 40
81 83 41
55 64 30
0 181 96
111 10 5
150 77 31
163 5 11
25 77 69
191 167 63
145 185 74
193 41 38
100 126 67
113 173 12
157 183 93
26 96 20
24 133 6
140 159 4
175 35 81
195 150 73
83 116 75
31 58 63
121 158 40
30 111 82
121 51 33
70 194 70
114 47 99
37 6 31
27 165 3
45 193 27
39 74 71
33 93 37
104 145 1
141 39 22
187 56 84
74 133 95
58 72 54
138 170 9
174 70 12
86 25 52
193 24 74
163 37 99
100 155 55
23 182 47
166 175 20
88 168 28
190 181 92
60 106 5
108 45 71
11 161 95
24 29 37
33 150 18
