50 612
15 23 72
9 32 44
15 30 24
5 40 25
48 1 36
43 14 4
21 37 46
47 29 65
33 5 28
39 41 49
3 6 65
23 40 15
18 17 57
35 47 31
0 49 93
5 33 30
12 16 98
46 5 23
15 13 84
21 34 76
44 49 75
32 39 68
27 26 47
40 37 5
25 37 7
13 28 49
1 16 16
16 27 94
44 34 1
21 19 90
0 23 19
15 28 79
2 27 59
30 35 55
40 44 99
48 39 8
26 28 48
28 15 69
35 21 8
31 28 35
49 5 29
3 18 76
4 40 48
6 44 93
0 8 79
33 42 7
11 45 6
48 41 73
34 39 99
46 33 57
23 39 94
13 24 5
11 23 13
31 22 44
21 1 50
2 3 26
44 33 91
18 21 77
16 5 13
45 13 88
35 23 60
19 2 44
6 27 76
10 26 28
47 27 22
48 45 98
12 2 43
37 33 90
36 26 51
47 38 5
35 48 10
24 8 85
32 4 78
6 36 18
16 43 62
36 22 11
7 45 14
4 35 85
36 28 58
16 11 98
30 14 79
0 1 26
2 41 73
37 7 31
25 3 44
48 12 7
18 47 72
29 21 24
33 19 12
8 49 65
7 44 59
49 14 68
18 49 55
35 31 33
42 7 67
26 1 5
28 41 15
44 36 9
35 34 61
24 38 94
13 49 22
45 40 27
10 9 68
3 48 20
37 26 53
28 37 43
18 8 22
0 18 57
14 24 91
2 33 90
35 11 25
42 27 61
38 32 71
8 44 81
38 10 70
29 8 65
26 3 78
41 39 67
48 22 29
13 45 76
45 39 44
41 27 59
27 45 16
41 36 55
13 17 94
31 9 25
23 20 62
47 32 81
5 46 74
0 13 69
15 44 97
17 28 68
32 9 82
40 2 96
21 29 43
18 35 19
33 26 63
20 8 88
21 9 70
15 40 21
17 45 60
26 6 38
17 23 37
47 34 81
14 20 85
20 18 87
25 21 1
12 13 88
30 9 75
15 7 45
7 21 20
40 17 59
23 34 25
39 28 58
49 17 15
46 18 20
14 16 1
20 30 98
19 48 5
42 3 25
18 7 98
10 6 25
10 41 52
27 44 9
48 21 52
45 24 30
22 47 99
38 6 33
6 31 87
28 42 76
34 3 59
3 31 55
8 12 17
43 34 76
5 11 29
30 4 14
4 47 11
30 17 75
43 12 46
25 1 86
49 9 16
3 19 13
4 34 37
19 47 93
6 4 90
29 35 27
16 9 24
23 15 92
15 46 28
23 0 90
9 14 86
19 7 28
0 32 88
15 49 69
32 17 38
27 13 98
29 36 37
47 2 82
26 0 87
4 2 90
32 26 67
17 30 77
44 20 31
37 28 65
33 43 38
10 33 75
6 14 42
8 20 57
26 13 74
2 14 34
27 23 48
5 29 25
22 44 61
19 32 29
0 47 94
45 12 56
21 2 94
8 39 49
38 24 61
26 40 98
35 36 55
12 1 39
6 10 22
30 39 15
7 10 67
14 45 38
41 8 11
3 2 61
30 13 55
11 10 11
45 28 80
12 45 75
38 19 12
18 36 45
26 49 94
7 5 94
7 46 76
27 3 40
12 25 17
14 30 98
22 18 37
7 42 64
31 48 28
34 37 78
13 18 40
6 11 80
48 34 46
10 42 56
13 47 30
32 3 97
19 6 11
13 31 55
8 7 1
44 22 53
34 31 12
4 15 62
38 42 58
23 41 42
32 40 95
33 38 59
11 13 7
17 46 57
11 7 72
38 5 53
42 20 38
9 2 92
12 37 48
8 43 61
36 39 43
24 46 42
48 6 6
23 2 41
6 24 68
24 23 50
18 10 49
1 26 16
37 17 80
25 15 90
17 20 85
14 38 58
28 9 24
43 33 28
34 43 63
21 11 12
47 43 81
35 37 73
34 19 93
36 27 54
45 34 72
16 20 59
1 8 67
18 26 47
47 30 85
39 20 89
35 42 99
36 0 86
24 5 57
1 37 8
42 37 45
34 11 65
5 45 13
8 41 98
12 35 65
44 23 36
12 38 89
37 20 51
28 49 14
30 27 77
19 12 90
16 1 33
4 7 9
10 43 2
43 11 2
35 28 6
11 44 77
43 39 17
39 17 61
8 21 15
13 20 73
21 17 75
25 43 71
6 23 19
20 12 43
31 1 8
35 25 58
5 14 92
13 26 94
45 20 83
19 31 98
14 22 97
37 12 30
44 5 57
37 48 30
29 10 99
3 28 4
49 29 29
1 36 55
22 4 82
37 9 89
11 28 7
3 21 3
45 44 39
18 22 69
13 22 51
35 19 71
20 25 95
17 12 57
29 28 98
27 5 61
10 13 34
5 35 22
10 7 71
38 44 19
7 29 14
46 41 11
24 44 50
48 37 81
21 33 12
22 45 44
13 21 93
18 23 45
34 38 35
40 13 4
44 18 80
12 46 11
44 4 44
28 7 95
16 49 91
37 22 20
32 47 57
41 10 27
46 13 89
13 43 27
29 18 93
11 22 33
39 12 28
14 27 52
43 15 95
3 7 63
1 20 42
45 42 23
5 44 58
23 1 7
32 28 9
4 31 97
16 21 19
1 3 57
34 0 82
11 38 49
4 45 47
21 45 9
11 39 90
37 21 25
44 45 32
32 24 47
44 14 95
32 7 27
14 33 26
19 22 72
24 48 35
5 27 74
9 10 46
0 34 36
19 39 78
13 35 72
30 7 10
41 26 97
12 14 57
7 41 18
34 5 77
44 0 91
27 41 31
46 7 66
44 2 99
14 41 12
3 23 25
40 33 8
30 25 87
41 31 51
1 29 65
16 31 90
5 22 56
17 6 99
7 16 55
38 29 31
22 3 24
4 28 8
42 13 55
4 1 65
21 26 40
25 38 16
8 0 81
26 36 69
2 34 19
27 21 73
22 9 38
28 34 98
3 42 42
40 32 70
43 19 24
10 38 12
39 42 20
13 38 42
11 41 33
27 2 58
8 32 56
43 18 76
9 15 54
26 8 70
20 3 47
38 20 88
38 12 6
25 7 58
9 12 59
1 46 39
33 16 23
22 20 87
41 6 25
47 49 46
21 3 43
40 14 94
36 31 26
8 11 51
3 29 40
39 45 70
34 12 59
32 16 98
14 17 3
44 16 18
26 39 11
45 46 65
22 19 34
30 28 99
0 28 10
37 2 40
21 48 33
41 47 44
38 22 38
2 46 66
10 40 97
19 27 60
40 45 81
0 29 92
18 30 88
44 31 37
42 44 22
27 12 63
24 37 80
17 15 68
32 21 63
26 45 35
23 43 91
47 25 99
28 2 59
38 1 5
16 10 2
46 17 61
22 33 57
40 7 39
26 33 54
3 4 29
45 30 72
13 34 42
27 22 17
24 10 69
21 43 99
21 47 51
16 33 92
1 2 11
1 48 21
24 26 71
2 38 48
27 15 33
46 40 68
21 42 40
18 2 24
8 26 32
12 34 33
28 6 31
12 5 48
40 30 38
23 49 77
7 2 98
41 19 12
1 5 91
6 16 40
37 30 44
11 34 14
17 13 93
5 49 31
7 1 34
3 0 16
37 10 79
37 32 11
46 39 7
1 12 57
11 12 24
7 3 45
15 3 87
30 5 43
5 0 81
31 38 75
44 7 89
15 24 96
23 27 52
0 20 87
27 7 27
24 12 75
17 14 48
43 20 5
30 22 90
33 28 28
5 18 12
3 37 98
12 24 51
26 7 96
41 4 69
45 47 81
18 46 74
19 49 29
20 2 81
21 0 96
16 40 59
37 23 47
38 25 64
39 36 60
11 46 82
32 11 4
41 16 63
33 7 16
46 26 60
45 5 61
8 31 13
39 8 42
9 4 76
10 35 78
15 31 38
33 32 3
0 35 12
12 31 44
1 30 32
29 15 93
26 19 1
40 27 5
34 41 69
19 24 26
28 1 95
26 35 6
25 5 14
26 24 36
17 25 85
27 19 2
28 0 73
16 48 1
38 41 6
20 6 86
30 43 9
44 41 64
26 9 38
18 48 98
9 23 9
42 16 55
16 2 42
9 11 18
46 23 11
23 13 76
5 41 63
22 27 29
19 14 37
42 43 99
14 29 18
2 16 16
